000010|01| 00000|0100| 1000|00001|  10000|10001|  00001|010001| 0010|00010|  100001|000010 - B
1 0 0 0 0 1 0 / 66 /42

11001|01111|11001|11011        |010011 |00111        |01111|011001        |01011|00111      |11001|011 |01011  |010011|100111|001 |110011 |011001  |0011        |0101|01111|1011|010 - g
     |01111|01101|0|010111       |0011|01011 |010011 |011001|01111        |01011|01|010011  |11011|1101|010111 |01011|0101  |00011|11011|101|0111| 11011|00111|100111|01011|0101|0101 - g

0001 | 11000 |110001|000|011001       |11001|01001| 10001|010001|        |01001                 |11 - a
00   |011000 |      |000|01000        |11001|01001|010001| 10001|1100|000|01001|001|01001|010001|11000|10001 - a

111|011110|01111|011011|010110|01010|0110|011110|111110|01110|01010|01110|11011|01011|011|011010|1011|111110|01101|10111 - n


011101|1111|0110|11101|111011|01001|0001|0111|01001|011101|011|1001|011011|0111|011001|11011|01001|001|11011|1110|0101|01111|01110|101|01001|011|001|0111|01110|011011 - s


01110|1101|111100|010|1110|011111|111100|011110|011101|011100|011100|1101|01111|01110|011101|011010|011010|1100|010|0110|01110|1010|01101 - z

01111 |1011        |00111|011011                                 |11111|11                           |01111|01111  |010111|110111|010111 |10111|0111  |1101|1101   |011011|01111|11111         |011111|011011|1111|01011| 10111 - o
 1111 |      110111|111  |0101 |01111   |10111 |1111|10111|01011  |110111   |010111 |011011|01011|01111 |01011|1|010111|1011                        |011011|111|10111 |011111    |1111|111|01|11 - o
01111 |10111    |11011    |01111   |11111|1111 |11011|001                                   |01111  |         0111                                 |111|                                             01111 - o
         101|010111         |01111|11011|0111|01011 |10111|011111|0011|011011|111       |01111|1111|11111    |010111|101111|11|0110|0101|01011      |111|01011|0111        |011011|01111|011011|   111 - o
011111|01101|1011|010111|101              |010111|111|1101|111   |0111                                                                                                                       |011011| 01111 - o

111   |011           |011111|0101|1011|0111|1011|110101|110101|111|011010|01|011010|01101|0101|0110|1101|0110|110110|1111|0101|0101|    110   |01011  |01111|10110|100 - m
110101|01111|01011|011110|101101|011011|0110|01010|10101|011101|101101|101101|0111|010110|10101|01011|01101                         |01011    |010101 |011110 = m

0110|0100|00110|011100|00101|011|1100|000110|00100 |011100|0010|1010                |001010|10100|00110|010|000100|000|010110|010110        |000110|101100|001010 - ,
000100|001100|001010|00100|01100|010|10100|01010|010100|110|01010|00110|010100|01010|001010|00100|0010|0010|01100|100|00011|00101|0011|10100|000110|0100 - ,


                                110100|       01110|011000|01110  |110100                         |011010 |0110|11100|011000|10100|01000|011110|01100|110|01000|01110|01100|01010|0|1010|010100|01100|11010 - t
111010|111000|0111  |  1100|    11010 |0111  |010100|111010|0100| 11010  |01010|010100|0110|01100                                  |010100 - t
11000         |11100| 01100  |               11100|011100            |011010 |0110|010|011100   |01010|01010|111010|1100|01010|0110  |01100 - t
                                                                      011010       |0111              |110100|11100|011101|1010|11010|01110|1010                      |01100|011010|01100|111010|0110|01010|011010|011010|01110|01110|11101|010100|11100|  011010 - t

0101|01000|111000|011101|110010|011000|0101|11100|10|01110|11010|10|11001|1100|0110|0010 - r


001001|0001|110100|01001|010100|010001|01001|011000|010001|010101|010001|1110|101|00100|01001|01101|10001|1010|101|011001|10101|11010 -i


0100| 1000                      |011100|  00100|1100|11010      |01100 |101000|011100 |01100 |1100  |00100       |011100|11010|011010|010100|1100||1010|11000 - h
0100|010000|1110|011000|101000  |011100|   01100 |0111|01000    |01100 |0110  |00100  |01100 |011100             |010100 - h 

010|11010|01111|1100|01101|011001|010011|0100|011001|0011|10|01011|010011|010001|011001|10|100101|00010|110010 - e  


0111|11|11111|011110|01110|010|1110|01110|00110|0110|010|011011|010111|010111|0101|0110|010110|011110|111|01011|110111|110|01100 - n

00000|000001|     001001|00001|000|0100|01000|0001|0000|001001|00100|010001|01000|       0000|00001 - !
0100001

00100000 

Whitespace:
--------------
       00000 | 01000|       |01000         |00100 |001000 |0000  |  0000|00100 |                100 | 00000|   000|00000 | 01000|0000  |01000 |      |  0000       |00100 |      |00000                                            - space - 18
       00000 | 0100 |       |01000 |          1000|001000 |  000 |  00  |  1000|                1000|      | 0100 |000000|      |      |      |      |000000|00100 |01000 |001000|01000|   | 10000                               - SPACe - 17
010000|      | 01000|000    |  0000|       | 01000|001000 |000000|010000|      |0000  |      | 01000| 00   | 01000|      |001   |      |010000| 01000 |010000|                                    - SPACe - 16
       000000|00100 |0000   |01000 |00000  | 01000|       |000000|      |00100 |00000 |00000 |001000|100000|    00|00000 |       0000         |      |000000|  0000| 00000|001000|01000| 01000             |010000                         |100000 |  100    |10000  -  Space - 25
      |      |001000|00000  |      |000000 |      |       |  0000|      |      |000000|     1|001000|      | 01000|      |  100 |000000|01000 |0010  |01000 |   000| 0000 |000  |000  |  10000 |00     |001000| 01000  |100000 |00100    |10000  |001000   | 0000   - space