50 4B 03 04 0A 00 00 00 00 00
00 00 00 00 17 0D D9 F5 0D 00
00 00 0D 00 00 00 07 00 2F 00
62 79 65 2E 74 78 74 00 00 2B
00 50 4B 03 04 0A 00 00 00 00
00 00 00 00 00 7D 28 4B 5A 03
00 00 00 03 00 00 00 09 00 47
00 68 65 6C 6C 6F 2E 74 78 74
00 00 43 00 63 61 74 20 66 6C
61 67 2E 74 78 74 0A 50 4B 01
02 00 00 0A 00 00 00 00 00 00
00 00 00 17 0D D9 F5 0D 00 00
00 0D 00 00 00 07 00 00 00 EA
00 00 00 00 00 00 00 00 00 00
00 00 00 62 79 65 2E 74 78 74
00 6C 73 0A 50 4B 01 02 00 00
0A 00 00 00 00 00 00 00 00 00
7D 28 4B 5A 03 00 00 00 03 00
00 00 09 00 00 00 2F 00 00 00
00 00 00 00 00 00 29 00 00 00
68 65 6C 6C 6F 2E 74 78 74 00
00 00 00 00 00 00 00 00 00 00
00 00 00 00 00 00 00 00 00 00
00 00 00 00 00 00 00 00 00 00
00 00 00 00 00 00 00 00 00 00
00 00 00 00 00 00 50 4B 05 06
00 00 00 00 01 00 01 00 66 00
00 00 9A 00 00 00 EA 00 00 4D
00 00 00 00 00 00 00 00 00 00
00 00 00 00 00 00 00 00 00 00
00 00 00 00 00 00 00 00 00 00
00 00 00 00 00 00 00 00 00 00
00 00 00 00 00 00 00 00 00 00
00 00 00 00 00 00 00 00 00 00
00 00 00 00 00 00 00 00 00 00
00 00 00 00 00 00 00 00 00 00
00 00 00 00 00 00 00 00 00 00
00 00 00 00 00 00 00 00 00 00
00 00 00 00 50 4B 05 86 00 00
00 00 01 00 01 00 1F 01 00 00
61 00 00 00 6A 00 00 4D
