(62, 7), (63, 7)
(62, 7), (61, 6), (60, 6), (59, 6), (58, 7)
(62, 7), (61, 7), (61, 8), (61, 9), (61, 10), (61, 11), (61, 12), (62, 13), (62, 14), (61, 14), (60, 15), (59, 15), (58, 16), (58, 17), (57, 17), (57, 18), (57, 19), (57, 20), (58, 21), (58, 22), (59, 22), (60, 23)
(13, 4), (12, 4), (11, 4), (10, 5), (9, 4), (8, 5), (7, 4)
(13, 4), (13, 3), (14, 3), (14, 2), (14, 1)
(13, 4), (14, 5), (14, 6), (15, 6), (15, 7), (16, 8), (16, 9), (17, 9), (18, 9)
(7, 16), (8, 17), (9, 17), (10, 17)
(7, 16), (8, 17), (9, 17), (10, 17), (11, 16), (12, 16), (13, 15), (14, 16), (15, 16)
(42, 28), (41, 27), (41, 26), (40, 26), (40, 25)
(42, 28), (43, 27), (44, 27), (45, 26)
(34, 3), (35, 2), (36, 2), (37, 1), (37, 0), (38, 0), (39, 0), (39, 1)
(34, 3), (35, 2), (35, 1), (35, 0), (36, 0)
(52, 62), (53, 61), (54, 61), (55, 60), (56, 60), (56, 59), (56, 58), (57, 57), (57, 56)
(52, 62), (53, 61), (54, 61), (55, 60), (56, 60)
(52, 62), (51, 62), (50, 62)
(40, 14), (41, 13)
(40, 14), (41, 14)
(40, 14), (41, 14), (42, 14), (43, 13), (44, 14), (45, 14)
(26, 46), (27, 45), (27, 44), (27, 43), (26, 43), (26, 42)
(26, 46), (27, 45), (27, 44), (27, 43), (26, 43), (26, 42), (27, 41)
(29, 43), (28, 43)
(29, 43), (29, 44), (30, 45), (30, 46), (30, 47), (30, 48), (30, 49), (30, 50), (30, 51), (31, 51), (31, 52)
(26, 34), (25, 34), (24, 35)
(26, 34), (27, 33), (28, 33), (29, 32), (30, 33), (31, 33), (32, 34)
(49, 0), (49, 1), (49, 2), (50, 3), (51, 3), (52, 3), (52, 2)
(49, 0), (49, 1), (49, 2), (50, 3), (51, 3), (52, 4), (53, 4), (54, 5), (54, 6)
(49, 0), (49, 1), (49, 2), (49, 3)
(5, 41), (4, 41)
(5, 41), (4, 41), (3, 40), (2, 41), (1, 40), (0, 40), (0, 39), (0, 38), (1, 37)
(49, 52), (48, 53), (47, 52)
(49, 52), (49, 51), (50, 51), (51, 50)
(49, 52), (49, 51), (49, 50), (49, 49), (49, 48), (49, 47)
(42, 16), (41, 15), (41, 14), (40, 14)
(42, 16), (43, 15)
(42, 16), (41, 15), (41, 14), (40, 14), (40, 13), (40, 12), (41, 11)
(17, 21), (16, 22), (15, 22), (14, 22), (13, 22), (12, 23)
(17, 21), (18, 21), (19, 21), (19, 22), (20, 23)
(46, 56), (46, 57), (45, 57), (45, 58)
(41, 44), (40, 44), (39, 43), (38, 43), (38, 42)
(41, 44), (42, 44), (43, 43), (44, 43), (45, 42), (46, 42), (46, 41)
(38, 22), (39, 22), (40, 22), (41, 21), (42, 21), (43, 21)
(38, 22), (38, 23), (38, 24), (39, 24), (40, 25)
(38, 22), (37, 21), (36, 22), (35, 22)
(0, 18), (0, 17), (0, 16), (0, 15), (1, 14), (1, 13), (0, 13), (0, 12), (0, 11)
(0, 18), (1, 17), (2, 17), (3, 17), (4, 17), (5, 16), (6, 17), (7, 16)
(46, 34), (46, 35), (45, 35)
(46, 34), (47, 33), (48, 34), (49, 33), (50, 33), (51, 32), (52, 33), (53, 32), (54, 33), (55, 33), (55, 34)
(10, 32), (10, 31)
(10, 32), (11, 32), (12, 32), (12, 31), (12, 30), (12, 29), (13, 28), (14, 29)
(48, 48), (49, 48), (50, 49), (50, 50), (51, 50)
(48, 48), (48, 47)
(48, 48), (49, 47)
(41, 3), (42, 3), (43, 3), (44, 4)
(41, 3), (41, 2), (40, 2), (39, 1)
(41, 3), (42, 4), (42, 5), (43, 5), (44, 6), (44, 7), (44, 8), (44, 9), (45, 9), (45, 10), (44, 11), (43, 11), (42, 12), (41, 11)
(20, 16), (21, 15), (22, 16), (23, 15), (24, 15), (24, 14), (24, 13), (25, 12), (25, 11), (25, 10), (26, 10), (27, 9), (27, 8), (27, 7), (28, 7), (28, 6)
(60, 21), (61, 21), (61, 22), (60, 23)
(60, 21), (59, 21), (59, 22)
(28, 37), (27, 37), (26, 38), (26, 39), (26, 40), (26, 41), (27, 41)
(28, 37), (29, 37), (29, 38), (30, 39)
(40, 62), (39, 61), (38, 62), (37, 61), (37, 60), (36, 60), (36, 59), (35, 58), (35, 57), (34, 57)
(40, 62), (40, 63)
(40, 62), (39, 62), (38, 63)
(28, 41), (27, 41)
(28, 41), (28, 40), (29, 39), (30, 39)
(48, 36), (48, 35), (47, 34), (46, 34)
(48, 36), (47, 35), (46, 36), (45, 35)
(48, 36), (47, 36)
(48, 36), (49, 35), (50, 35), (51, 35)
(8, 50), (9, 50), (10, 50), (11, 50), (11, 51)
(8, 50), (9, 50), (10, 50), (11, 50), (12, 51), (13, 50)
(8, 50), (9, 50), (9, 51), (9, 52), (9, 53)
(34, 60), (34, 61), (33, 61)
(34, 60), (34, 61), (33, 61), (32, 61), (31, 60), (30, 60), (29, 60), (28, 60)
(41, 24), (40, 25), (39, 24)
(41, 24), (40, 25)
(41, 24), (42, 24), (43, 24), (44, 25), (44, 26), (45, 26)
(18, 5), (19, 4), (20, 4), (21, 3), (22, 4), (23, 4), (23, 5), (24, 6)
(18, 5), (19, 5), (20, 6), (21, 6), (22, 7)
(18, 5), (19, 4), (20, 4), (21, 3), (22, 3), (23, 2), (24, 2)
(16, 28), (16, 27), (17, 26), (17, 25), (17, 24), (16, 24), (16, 23), (16, 22), (17, 21)
(16, 28), (15, 28), (14, 29)
(24, 21), (25, 21), (26, 21), (27, 20), (27, 19), (28, 19), (29, 19), (29, 20), (29, 21)
(24, 21), (24, 22), (23, 22), (22, 23), (21, 23), (20, 23)
(36, 3), (36, 2), (37, 1), (37, 0), (38, 0), (39, 0), (39, 1)
(36, 3), (37, 3), (38, 4)
(36, 3), (35, 2), (34, 3)
(51, 1), (52, 2), (52, 3), (52, 4), (53, 4), (54, 5), (54, 6)
(51, 1), (52, 2)
(43, 16), (42, 16), (41, 15), (41, 14), (40, 14)
(43, 16), (43, 17), (44, 18), (45, 18), (46, 19), (47, 18)
(43, 16), (43, 15), (44, 15), (45, 14)
(54, 29), (54, 28), (54, 27), (53, 26), (53, 25), (53, 24)
(54, 29), (53, 29), (52, 29), (51, 28), (50, 28), (49, 27), (48, 27), (47, 27), (46, 27), (45, 26)
(24, 8), (25, 7), (25, 6), (24, 6)
(24, 8), (23, 7), (22, 7), (21, 7)
(24, 8), (23, 7), (22, 7)
(42, 38), (42, 37)
(42, 38), (43, 37), (44, 37), (44, 36), (45, 35)
(32, 34), (32, 35), (31, 35), (30, 36), (30, 37), (30, 38), (29, 38), (28, 39), (28, 40), (28, 41)
(53, 11), (54, 12), (54, 13), (55, 13)
(53, 11), (52, 11), (51, 11), (50, 11), (49, 11), (48, 12), (47, 12), (46, 13), (46, 14), (45, 14)
(12, 23), (13, 22), (13, 21), (13, 20), (13, 19), (13, 18), (14, 18), (15, 17), (15, 16)
(57, 42), (58, 42), (59, 42), (60, 43), (61, 43)
(57, 42), (58, 42), (59, 41), (60, 42), (61, 41), (61, 40), (61, 39), (61, 38), (61, 37), (61, 36), (62, 36), (62, 35), (61, 34)
(28, 62), (29, 61), (30, 61), (31, 60), (32, 60)
(28, 62), (29, 61), (29, 60)
(28, 62), (29, 61), (29, 60), (28, 60)
(2, 26), (2, 25), (2, 24), (2, 23), (2, 22), (3, 21), (4, 21), (5, 20), (6, 21), (7, 21), (8, 22), (9, 22), (10, 22), (11, 21), (12, 21), (13, 20), (13, 19), (13, 18), (14, 18), (15, 17), (15, 16)
(2, 26), (1, 26), (1, 27)
(28, 53), (29, 53), (30, 53), (30, 52), (30, 51), (30, 50), (30, 49), (30, 48), (30, 47), (30, 46), (30, 45), (29, 44), (28, 44), (27, 43), (26, 43), (26, 42), (27, 41)
(28, 53), (29, 53), (30, 53), (31, 52)
(56, 58), (56, 59), (56, 60)
(56, 58), (56, 57), (57, 56)
(56, 58), (55, 58), (55, 59)
(43, 40), (44, 40), (45, 40), (46, 41)
(43, 40), (42, 41), (42, 42), (42, 43), (41, 43), (41, 44)
(11, 43), (11, 42), (12, 42), (12, 41), (12, 40), (13, 39)
(11, 43), (11, 44), (11, 45), (12, 46), (13, 46), (14, 47), (15, 47)
(11, 43), (11, 44), (11, 45), (12, 46), (13, 46), (14, 47), (15, 46)
(6, 55), (7, 55), (7, 56), (7, 57)
(6, 55), (5, 54), (4, 54)
(6, 55), (7, 54), (8, 54), (9, 53)
(35, 14), (35, 13)
(35, 14), (34, 14), (33, 14)
(35, 14), (34, 15)
(8, 12), (7, 12), (7, 13), (6, 14), (5, 13), (4, 14)
(8, 12), (8, 13), (9, 13), (10, 14), (11, 14), (12, 15), (13, 15), (14, 16), (15, 16)
(47, 27), (46, 27), (45, 27), (44, 27), (43, 26), (42, 27), (41, 26), (40, 26), (40, 25)
(47, 27), (46, 27), (45, 26)
(30, 48), (30, 47), (30, 46), (31, 45)
(30, 48), (30, 49), (30, 50), (30, 51), (30, 52), (31, 52)
(30, 48), (30, 47), (30, 46), (30, 45), (29, 44), (28, 44), (28, 43)
(56, 60), (55, 60)
(56, 60), (56, 59), (56, 58), (56, 57), (57, 56)
(23, 14), (23, 13), (22, 13), (22, 12), (21, 11), (21, 10), (20, 10), (20, 9)
(23, 14), (23, 13), (24, 13), (24, 12), (25, 11)
(23, 14), (24, 15), (25, 14), (26, 14)
(20, 38), (21, 38), (22, 39), (23, 39), (23, 40), (23, 41), (24, 42), (25, 41), (26, 41), (27, 41)
(20, 38), (21, 37), (22, 37)
(41, 32), (41, 31), (40, 31), (39, 30), (38, 31)
(41, 32), (41, 31), (42, 31), (43, 30), (44, 30), (44, 29), (44, 28), (44, 27)
(41, 32), (41, 31), (40, 31), (39, 30), (38, 31), (37, 31), (36, 31), (35, 30)
(57, 15), (58, 16)
(57, 15), (58, 16), (58, 17), (57, 17), (57, 18), (57, 19), (57, 20), (58, 21), (58, 22), (59, 22)
(57, 15), (57, 16)
(55, 38), (55, 37), (55, 36), (55, 35), (55, 34)
(55, 38), (54, 38), (53, 38), (52, 39), (51, 38), (50, 39), (49, 38)
(14, 50), (14, 49), (15, 48), (15, 47)
(14, 50), (14, 51)
(14, 50), (14, 49), (13, 48), (13, 47), (14, 47), (15, 46)
(30, 5), (29, 4), (29, 3), (29, 2), (30, 2), (31, 2)
(30, 5), (29, 5), (28, 6)
(34, 18), (35, 18), (36, 18), (37, 18), (38, 19), (39, 19), (40, 20)
(34, 18), (34, 19), (34, 20), (33, 20), (32, 20)
(34, 18), (34, 19), (35, 19), (36, 20), (37, 20), (37, 21), (38, 22), (39, 22), (40, 22), (41, 21), (42, 21), (43, 21)
(44, 24), (43, 24), (42, 25), (41, 25), (40, 25)
(44, 24), (45, 24), (45, 25), (44, 26), (44, 27), (43, 27), (42, 28)
(62, 21), (61, 21), (61, 22), (60, 23)
(62, 21), (61, 21), (60, 21)
(62, 21), (61, 21), (60, 22), (59, 22)
(43, 21), (42, 22), (42, 23), (42, 24), (42, 25), (41, 25), (40, 25)
(43, 21), (43, 22), (43, 23), (43, 24), (43, 25), (43, 26), (42, 27), (42, 28)
(58, 0), (58, 1), (59, 1)
(58, 0), (58, 1), (58, 2), (58, 3), (57, 3), (57, 4), (56, 5), (55, 5), (54, 5), (53, 4), (52, 4), (52, 3), (52, 2), (51, 1)
(33, 14), (34, 14), (35, 13)
(33, 14), (34, 15)
(7, 57), (6, 57), (5, 56), (5, 55), (5, 54), (4, 54)
(7, 57), (6, 57), (5, 56)
(12, 27), (13, 27), (13, 28), (14, 29)
(12, 27), (11, 26), (10, 26)
(42, 32), (41, 31), (40, 31), (39, 30), (38, 31)
(42, 32), (42, 31), (42, 30), (42, 29), (42, 28), (43, 27), (44, 27)
(42, 32), (41, 31), (40, 31), (39, 30), (38, 31), (37, 31), (36, 31), (35, 30)
(28, 60), (29, 60)
(28, 60), (29, 60), (30, 60), (31, 60), (32, 61), (33, 61)
(20, 36), (21, 36), (22, 37)
(20, 36), (21, 36), (22, 37), (23, 37), (24, 38), (25, 38), (25, 39)
(20, 36), (21, 35), (22, 35), (23, 34), (24, 34), (25, 33), (26, 34)
(51, 50), (50, 50), (50, 49), (49, 48), (49, 47)
(51, 50), (51, 51)
(51, 50), (52, 51), (53, 51), (54, 51), (55, 51)
(31, 52), (31, 51), (31, 50), (31, 49), (31, 48), (31, 47), (30, 47), (30, 46), (30, 45), (29, 44), (28, 44), (27, 43), (26, 43), (26, 42), (27, 41)
(39, 6), (40, 6), (41, 6), (42, 6), (43, 5), (44, 6), (44, 7), (44, 8), (45, 8), (46, 9), (47, 9), (48, 10)
(39, 6), (39, 7), (38, 8), (38, 9), (37, 9), (36, 10), (35, 10), (34, 11), (33, 11)
(13, 39), (14, 40), (14, 41), (15, 41), (16, 41), (17, 41), (18, 41), (19, 41), (20, 41), (21, 41), (22, 42), (22, 43), (22, 44), (21, 44), (20, 45), (20, 46)
(59, 47), (59, 48)
(59, 47), (59, 48), (59, 49), (59, 50), (58, 51), (57, 51)
(55, 34), (56, 34), (57, 33)
(55, 34), (56, 35)
(39, 1), (40, 2), (41, 2), (42, 3), (43, 3), (44, 4)
(39, 1), (39, 0), (38, 0), (37, 0), (36, 0)
(58, 56), (57, 56)
(58, 56), (58, 55), (58, 54), (58, 53), (58, 52), (57, 51)
(20, 23), (21, 23), (22, 23), (23, 22), (24, 22), (24, 21)
(20, 23), (21, 23), (22, 23), (23, 23), (23, 24), (24, 25), (25, 25), (26, 25), (27, 24)
(37, 38), (36, 38)
(37, 38), (36, 38), (35, 37), (34, 38)
(37, 38), (36, 38), (35, 38), (34, 39), (33, 39), (32, 39), (32, 38), (32, 37), (32, 36), (32, 35), (32, 34)
(23, 50), (22, 50), (21, 50)
(23, 50), (23, 49), (23, 48), (23, 47), (23, 46), (24, 46), (24, 45), (25, 44), (25, 43), (26, 43), (26, 42), (27, 41), (28, 41), (28, 40), (29, 39), (30, 39)
(44, 27), (43, 26), (42, 27), (41, 26), (40, 26), (40, 25)
(44, 27), (45, 26)
(52, 44), (51, 43), (50, 43), (49, 42), (48, 42), (47, 41), (46, 41)
(52, 44), (52, 45), (51, 45), (50, 46), (49, 46), (49, 47)
(43, 55), (44, 56), (44, 57), (45, 57), (45, 58)
(43, 55), (44, 56), (44, 57), (45, 57), (46, 57), (46, 56)
(37, 59), (37, 60), (37, 61), (38, 62), (39, 62), (40, 63)
(37, 59), (36, 59), (35, 58), (35, 57), (34, 57)
(37, 59), (37, 60), (37, 61), (38, 62), (38, 63)
(0, 28), (1, 27), (2, 27), (2, 26)
(0, 28), (0, 29), (0, 30), (0, 31), (0, 32), (0, 33), (1, 33), (2, 33), (3, 33), (4, 34), (5, 33), (6, 33), (7, 32), (8, 32), (9, 31), (10, 31)
(0, 28), (1, 28), (2, 29), (2, 30)
(0, 28), (1, 28), (2, 29), (2, 30), (3, 30)
(0, 28), (1, 27)
(45, 40), (46, 41)
(45, 40), (45, 41), (45, 42), (46, 43), (47, 43), (48, 44), (48, 45), (49, 45), (49, 46), (49, 47)
(1, 43), (2, 44), (3, 43), (3, 42), (3, 41), (4, 41)
(1, 43), (2, 44), (3, 43), (4, 44), (5, 44)
(1, 43), (1, 42), (1, 41), (0, 41), (0, 40), (0, 39), (0, 38), (1, 37)
(58, 9), (58, 10), (57, 10), (57, 11), (56, 12), (56, 13), (56, 14), (56, 15), (56, 16), (57, 16), (57, 17), (57, 18), (57, 19), (58, 20), (58, 21), (58, 22), (59, 22)
(58, 9), (58, 8), (58, 7)
(40, 25), (39, 24)
(40, 25), (40, 26), (41, 26), (42, 27), (43, 26), (44, 26), (45, 26)
(55, 21), (55, 22), (54, 23), (54, 24), (53, 24)
(55, 21), (56, 22), (57, 22), (58, 23), (59, 23), (60, 23)
(53, 57), (52, 58), (51, 57), (51, 56)
(53, 57), (54, 58), (55, 58), (56, 58), (56, 57), (57, 56)
(53, 57), (54, 58), (55, 58), (55, 59)
(21, 53), (20, 53), (19, 52), (18, 52), (17, 51), (16, 51), (15, 50), (14, 50)
(21, 53), (21, 54), (21, 55), (20, 56), (20, 57), (20, 58), (20, 59), (20, 60), (20, 61)
(42, 52), (42, 53), (43, 53), (43, 54), (43, 55), (44, 56), (44, 57), (45, 57), (45, 58)
(42, 52), (43, 51), (44, 51), (45, 51), (46, 52)
(35, 26), (35, 27), (36, 28)
(35, 26), (36, 26), (37, 25), (38, 25), (39, 24), (40, 25)
(35, 26), (36, 26), (37, 25), (38, 25), (39, 24)
(45, 35), (44, 36), (44, 37), (43, 37), (42, 38)
(45, 35), (44, 36), (44, 37), (45, 37), (46, 38), (47, 38), (47, 39), (46, 40)
(57, 36), (57, 35), (57, 34), (57, 33)
(57, 36), (56, 36), (55, 35), (55, 34)
(44, 4), (43, 4), (43, 5), (44, 6), (44, 7), (44, 8), (44, 9), (45, 9), (45, 10), (44, 11), (43, 11), (42, 12), (41, 11)
(44, 4), (43, 4), (43, 5), (44, 6), (44, 7), (44, 8), (45, 8), (46, 9), (47, 9), (48, 10)
(15, 16), (15, 17), (14, 18), (13, 18), (13, 19), (13, 20), (13, 21), (13, 22), (12, 23)
(46, 31), (46, 30), (45, 29), (44, 29), (43, 28), (43, 27), (42, 27), (41, 26), (40, 26), (40, 25)
(46, 31), (46, 30), (45, 29), (45, 28), (45, 27), (45, 26)
(13, 20), (13, 19), (13, 18), (14, 18), (15, 17), (15, 16)
(13, 20), (13, 21), (13, 22), (12, 23)
(49, 38), (50, 38)
(49, 38), (48, 39), (47, 38), (46, 38), (45, 37), (44, 37), (43, 37), (42, 38)
(49, 38), (48, 39), (47, 39), (46, 40)
(62, 6), (62, 7), (63, 7)
(62, 6), (61, 6), (60, 6), (59, 6), (58, 7)
(62, 6), (61, 6), (61, 7), (61, 8), (61, 9), (61, 10), (61, 11), (61, 12), (62, 13), (62, 14), (61, 14), (60, 15), (59, 15), (58, 16), (58, 17), (57, 17), (57, 18), (57, 19), (57, 20), (58, 21), (58, 22), (58, 23), (59, 23), (60, 23)
(60, 62), (59, 61), (58, 61), (57, 60), (56, 60)
(60, 62), (59, 61), (59, 60), (59, 59), (58, 59), (57, 58), (57, 57), (57, 56)
(60, 62), (59, 61), (58, 62), (57, 62), (57, 63)
(0, 10), (0, 11)
(0, 10), (0, 9), (0, 8), (0, 7), (1, 6), (1, 5), (1, 4), (1, 3), (0, 3)
(47, 52), (46, 52), (46, 51), (46, 50), (45, 49), (45, 48), (44, 48)
(47, 52), (47, 51), (48, 51), (49, 50), (50, 50), (51, 50)
(40, 39), (41, 38), (42, 38)
(40, 39), (41, 38), (42, 38), (43, 37), (44, 37), (44, 36), (45, 35)
(40, 39), (39, 38), (38, 38), (37, 38)
(57, 56), (58, 56), (58, 55), (58, 54), (58, 53), (58, 52), (57, 51)
(56, 21), (57, 20), (58, 21), (59, 21), (60, 22), (60, 23)
(56, 21), (57, 21), (58, 22), (59, 22)
(56, 21), (56, 22), (55, 22), (54, 23)
(47, 18), (46, 19), (45, 18), (44, 18), (43, 17), (42, 17), (41, 16), (41, 15), (41, 14), (40, 14)
(47, 18), (47, 17), (48, 17), (48, 16), (47, 15), (46, 15), (45, 14)
(12, 55), (11, 54), (10, 54), (9, 53), (8, 54), (7, 54), (6, 54), (5, 53), (4, 54)
(12, 55), (13, 55), (14, 56), (15, 56), (16, 57), (17, 57), (18, 57), (19, 57)
(57, 33), (56, 34)
(57, 33), (56, 34), (55, 34)
(29, 21), (30, 22), (31, 22)
(29, 21), (29, 20), (29, 19), (30, 19)
(29, 21), (30, 21), (31, 21)
(52, 50), (51, 50)
(52, 50), (53, 49), (53, 48)
(52, 50), (51, 49), (50, 49), (49, 48), (49, 47)
(11, 21), (11, 20), (11, 19), (12, 19), (13, 18), (14, 18), (15, 17), (15, 16)
(11, 21), (11, 22), (12, 23)
(48, 16), (49, 15), (50, 15), (51, 14), (52, 14), (53, 14), (54, 14), (55, 13)
(48, 16), (49, 15), (50, 15), (51, 14), (52, 14)
(8, 41), (9, 41), (10, 42), (11, 41), (12, 41), (13, 40), (13, 39)
(8, 41), (9, 41), (10, 42), (10, 43), (10, 44), (11, 44), (12, 45), (12, 46), (13, 46), (14, 47), (15, 47)
(8, 41), (9, 41), (10, 42), (10, 43), (10, 44), (11, 44), (12, 45), (12, 46), (13, 46), (14, 47), (15, 46)
(15, 32), (14, 33), (14, 34), (15, 34), (15, 35), (14, 36), (13, 36), (12, 37), (12, 38), (12, 39), (13, 39)
(15, 32), (16, 33), (17, 32), (18, 33), (19, 33), (20, 33)
(17, 0), (17, 1), (18, 2), (19, 2), (20, 3), (21, 3), (22, 4), (22, 5), (22, 6), (22, 7)
(17, 0), (18, 0)
(51, 35), (52, 35), (53, 34), (54, 34), (55, 34)
(51, 35), (51, 36), (51, 37), (50, 38), (49, 38)
(53, 24), (52, 24), (51, 23), (50, 23), (49, 22)
(53, 24), (54, 24)
(53, 24), (53, 23), (54, 23)
(8, 10), (9, 10), (10, 11), (10, 12), (10, 13), (10, 14), (10, 15), (10, 16), (10, 17), (11, 17)
(8, 10), (9, 10), (10, 11), (11, 10), (12, 11), (13, 10), (14, 11), (15, 10), (16, 10), (17, 9), (18, 9)
(3, 33), (4, 34), (5, 33), (6, 33), (7, 32), (8, 32), (9, 31), (10, 31)
(3, 33), (4, 34), (5, 33), (6, 33), (7, 32), (8, 32), (9, 31), (10, 31), (10, 30), (10, 29), (10, 28), (11, 27), (12, 27)
(24, 39), (23, 39)
(24, 39), (25, 39)
(24, 39), (24, 38), (23, 37), (22, 37)
(44, 48), (44, 49)
(44, 48), (45, 48), (46, 49), (47, 49), (48, 50), (49, 50), (50, 50), (51, 50)
(19, 47), (20, 47), (21, 46), (22, 47), (23, 46), (24, 46), (24, 45), (25, 44), (25, 43), (26, 43), (26, 42), (27, 41)
(19, 47), (20, 47), (21, 46), (22, 46), (22, 45), (22, 44), (22, 43), (23, 42)
(34, 57), (35, 57), (35, 58), (36, 59), (36, 60), (37, 60), (37, 61), (38, 62), (39, 62), (40, 63)
(34, 57), (35, 57), (35, 58), (36, 59), (36, 60), (37, 60), (37, 61), (38, 62), (38, 63)
(57, 50), (57, 51)
(57, 50), (56, 51), (55, 51)
(7, 27), (8, 28), (8, 29), (9, 29), (10, 30), (10, 31)
(7, 27), (8, 27), (9, 27), (10, 28), (11, 27), (12, 28), (13, 28), (14, 29)
(52, 14), (53, 14), (54, 14), (55, 13)
(52, 14), (51, 14), (50, 15), (49, 15), (48, 16)
(46, 52), (47, 51), (48, 51), (49, 50), (50, 51), (51, 50)
(46, 52), (45, 51), (44, 51), (44, 50), (44, 49), (44, 48)
(9, 27), (8, 27), (7, 27)
(9, 27), (10, 28), (10, 29), (10, 30), (10, 31)
(9, 27), (10, 28), (11, 27), (12, 28), (13, 28), (14, 29)
(63, 7), (62, 7), (61, 6), (60, 6), (59, 6), (58, 7)
(63, 7), (62, 7)
(63, 7), (63, 8), (62, 9), (61, 9), (61, 10), (61, 11), (61, 12), (62, 13), (62, 14), (61, 14), (60, 15), (59, 15), (58, 16), (58, 17), (57, 17), (57, 18), (57, 19), (58, 20), (58, 21), (58, 22), (59, 22), (60, 23)
(11, 33), (11, 32), (11, 31), (10, 31)
(11, 33), (11, 32), (12, 32), (12, 31), (12, 30), (12, 29), (13, 28), (14, 29)
(41, 13), (41, 14)
(41, 13), (40, 14)
(41, 13), (42, 14), (43, 13), (44, 14), (45, 14)
(53, 44), (52, 45), (51, 45), (51, 46)
(53, 44), (54, 44), (54, 43), (53, 42)
(53, 44), (52, 45), (51, 45), (50, 46), (49, 46), (48, 47)
(18, 60), (19, 60), (20, 61)
(18, 60), (18, 61), (17, 61), (16, 61)
(18, 60), (18, 61), (19, 61), (20, 62), (21, 62), (22, 63), (23, 62), (24, 63)
(4, 40), (4, 41)
(4, 40), (4, 39), (3, 38), (2, 38), (1, 37)
(4, 40), (4, 41), (5, 41)
(9, 58), (8, 58), (7, 57)
(9, 58), (8, 58), (7, 57), (6, 57), (5, 56)
(9, 58), (8, 58), (7, 57), (6, 57), (5, 56), (5, 55), (5, 54), (4, 54)
(22, 9), (21, 8), (20, 9)
(22, 9), (23, 9), (24, 10), (25, 10), (25, 11)
(22, 9), (21, 8), (21, 7)
(13, 18), (14, 18), (15, 17), (15, 16)
(13, 18), (12, 19), (11, 19), (11, 20), (11, 21), (11, 22), (12, 23)
(18, 39), (17, 38), (16, 39), (15, 38), (14, 39), (13, 39)
(18, 39), (17, 39), (17, 40), (18, 41), (19, 41), (20, 41), (21, 41), (22, 42), (22, 43), (22, 44), (21, 44), (20, 45), (20, 46)
(24, 29), (25, 29), (26, 30), (26, 31), (27, 31), (28, 32), (29, 31)
(24, 29), (24, 28), (25, 27), (25, 26), (25, 25), (24, 25), (23, 24), (23, 23), (22, 23), (21, 23), (20, 23)
(58, 7), (58, 8), (58, 9)
(58, 7), (58, 8), (58, 9), (58, 10), (57, 10), (57, 11), (56, 12), (56, 13), (56, 14), (56, 15), (56, 16), (56, 17), (57, 17), (57, 18), (57, 19), (57, 20), (58, 21), (58, 22), (59, 22)
(31, 22), (30, 22), (29, 21)
(31, 22), (32, 22), (33, 21), (34, 22), (35, 22)
(36, 12), (37, 11), (38, 12), (39, 11), (40, 11), (41, 11), (42, 12), (43, 11), (44, 11), (45, 10), (45, 9), (46, 9), (47, 9), (48, 10)
(36, 12), (35, 11), (34, 11), (33, 11)
(57, 51), (57, 50)
(57, 51), (56, 51), (55, 51)
(8, 4), (7, 4), (6, 5), (5, 5), (4, 6), (3, 5), (2, 5), (1, 4), (1, 3), (1, 2)
(8, 4), (8, 5), (9, 5), (10, 6), (10, 7), (11, 7), (12, 8), (13, 8), (14, 8), (15, 7), (16, 8), (16, 9), (17, 9), (18, 9)
(8, 4), (7, 4)
(38, 42), (37, 42), (36, 42), (35, 41)
(38, 42), (39, 42), (40, 43), (41, 42), (42, 42), (43, 42), (44, 42), (45, 41), (46, 41)
(25, 39), (26, 40), (27, 40), (28, 41)
(25, 39), (25, 38), (24, 38), (23, 37), (22, 37)
(30, 54), (30, 53), (30, 52), (30, 51), (30, 50), (30, 49), (30, 48), (30, 47), (30, 46), (30, 45), (29, 44), (28, 44), (27, 43), (26, 43), (26, 42), (27, 41)
(30, 54), (30, 53), (31, 52)
(24, 35), (24, 36), (25, 36), (25, 37), (25, 38), (25, 39)
(24, 35), (25, 34), (26, 34)
(24, 35), (24, 36), (23, 36), (22, 37)
(59, 48), (59, 47)
(59, 48), (59, 49), (59, 50), (58, 51), (57, 51)
(17, 38), (16, 39), (15, 38), (14, 39), (13, 39)
(17, 38), (17, 39), (17, 40), (18, 41), (19, 41), (20, 41), (21, 41), (22, 42), (22, 43), (22, 44), (21, 44), (20, 45), (20, 46)
(14, 32), (14, 33), (14, 34), (15, 34), (16, 34), (16, 33), (17, 32), (18, 33), (19, 33), (20, 33)
(14, 32), (14, 33), (14, 34), (15, 34), (15, 35), (14, 36), (13, 36), (12, 37), (12, 38), (12, 39), (13, 39)
(14, 32), (15, 32)
(63, 35), (62, 36), (61, 36), (60, 37), (59, 36), (58, 36), (57, 35), (56, 35), (55, 34)
(63, 35), (62, 35), (61, 34)
(0, 11), (0, 10), (0, 9), (0, 8)
(0, 11), (0, 12), (0, 13), (1, 13), (1, 14), (1, 15)
(61, 28), (60, 28), (59, 27), (58, 27), (58, 26), (58, 25), (58, 24), (59, 23), (60, 23)
(61, 28), (60, 28), (59, 27), (58, 27), (58, 26), (58, 25), (58, 24), (58, 23), (57, 22), (56, 22), (55, 22), (54, 23)
(36, 23), (36, 22), (37, 21), (37, 20), (38, 20), (39, 19), (40, 20), (40, 21)
(36, 23), (35, 23), (34, 24)
(36, 23), (35, 22)
(55, 51), (56, 51), (57, 50)
(55, 51), (56, 52), (57, 51)
(7, 59), (7, 58), (7, 57), (7, 56), (7, 55), (6, 55), (5, 54), (4, 54)
(7, 59), (6, 59), (5, 58), (5, 57), (5, 56)
(55, 13), (54, 14), (53, 14), (52, 14), (51, 14), (50, 15), (49, 15), (48, 16)
(55, 13), (54, 14), (53, 14), (52, 14)
(33, 0), (32, 1), (31, 1), (30, 2), (29, 2), (29, 3), (29, 4), (29, 5), (29, 6), (29, 7), (29, 8), (29, 9), (29, 10), (28, 11), (27, 11)
(33, 0), (34, 0), (35, 0), (36, 0)
(40, 63), (39, 62), (38, 62), (37, 61), (37, 60), (36, 60), (36, 59), (35, 58), (35, 57), (34, 57)
(40, 63), (39, 62), (38, 63)
(40, 9), (39, 9), (38, 9), (37, 9), (36, 9), (35, 8), (34, 8), (33, 7), (32, 7), (31, 6), (30, 6), (29, 6), (28, 6)
(56, 35), (55, 34)
(56, 35), (56, 34), (57, 33)
(15, 0), (16, 1), (17, 0), (18, 0)
(15, 0), (16, 1), (17, 1), (18, 2), (19, 2), (20, 3), (21, 3), (22, 4), (22, 5), (22, 6), (22, 7)
(15, 0), (16, 1), (17, 0)
(56, 48), (55, 48), (54, 48), (53, 47), (52, 48), (51, 47), (51, 46)
(56, 48), (55, 48), (54, 48), (53, 48)
(39, 53), (40, 53), (41, 52), (42, 52), (43, 51), (44, 51), (44, 50), (44, 49)
(39, 53), (40, 54), (40, 55), (41, 55), (42, 56), (43, 56), (44, 57), (45, 57), (45, 58)
(31, 63), (31, 62), (31, 61), (30, 61), (29, 60), (28, 60)
(31, 63), (32, 63), (33, 62), (33, 61)
(12, 6), (11, 6), (10, 7), (10, 8), (10, 9), (10, 10), (10, 11), (10, 12), (9, 12), (8, 13), (7, 13), (6, 14), (5, 13), (4, 14)
(12, 6), (13, 6)
(12, 6), (11, 5), (10, 5), (9, 4), (8, 5), (7, 4)
(17, 34), (16, 35), (15, 35), (14, 36), (13, 36), (12, 37), (12, 38), (12, 39), (13, 39)
(17, 34), (18, 34), (19, 33), (20, 33)
(25, 1), (24, 2), (23, 2), (23, 3), (23, 4), (23, 5), (24, 6)
(25, 1), (24, 2)
(25, 1), (24, 2), (23, 2), (23, 3), (23, 4), (22, 5), (22, 6), (22, 7)
(6, 53), (5, 53), (4, 54)
(6, 53), (7, 53), (8, 54), (9, 53)
(31, 45), (30, 45), (29, 44), (28, 44), (28, 43)
(31, 45), (30, 46), (30, 47), (30, 48), (30, 49), (30, 50), (30, 51), (30, 52), (31, 52)
(18, 0), (17, 0)
(18, 0), (19, 0), (20, 1), (21, 1), (21, 2), (21, 3), (22, 4), (22, 5), (22, 6), (22, 7)
(36, 0), (35, 0), (35, 1), (35, 2), (34, 3)
(36, 0), (37, 0), (38, 0), (39, 0), (39, 1)
(19, 55), (19, 54), (19, 53), (19, 52), (18, 52), (17, 51), (16, 51), (15, 50), (14, 50)
(19, 55), (20, 56), (20, 57), (20, 58), (20, 59), (20, 60), (20, 61)
(55, 17), (56, 17), (57, 16)
(55, 17), (54, 18), (54, 19)
(19, 57), (20, 58), (20, 59), (20, 60), (20, 61)
(19, 57), (18, 57), (17, 57), (16, 57), (15, 56), (14, 56), (13, 55), (12, 55)
(62, 2), (63, 2)
(62, 2), (61, 2), (60, 3), (59, 3), (58, 3), (57, 3), (56, 4), (55, 4), (54, 5), (53, 4)
(62, 2), (61, 1), (60, 2), (59, 1)
(46, 24), (46, 25), (46, 26), (46, 27), (47, 27)
(46, 24), (45, 24), (44, 24), (43, 24), (42, 25), (41, 25), (40, 25)
(46, 24), (45, 24), (44, 24)
(0, 51), (0, 52), (0, 53)
(0, 51), (1, 51), (2, 52)
(0, 51), (0, 52), (1, 52), (2, 53), (3, 53), (3, 54), (3, 55), (4, 56), (5, 56)
(45, 48), (44, 49)
(45, 48), (46, 49), (47, 49), (48, 50), (49, 50), (50, 50), (51, 50)
(45, 48), (44, 48)
(26, 14), (26, 13), (26, 12), (27, 11)
(26, 14), (27, 14), (28, 14), (29, 13), (29, 12), (30, 12)
(26, 14), (26, 13), (25, 12), (25, 11)
(29, 9), (29, 10), (28, 11), (27, 11)
(29, 9), (30, 10), (31, 9), (32, 9), (32, 8)
(29, 9), (29, 10), (29, 11), (30, 12)
(11, 60), (12, 60), (13, 59), (14, 60), (14, 61), (15, 61), (16, 61), (17, 61), (18, 61), (19, 61), (20, 61)
(11, 60), (12, 61), (12, 62), (12, 63), (13, 63)
(50, 62), (49, 62), (48, 63), (47, 63), (46, 63), (45, 62), (44, 62), (43, 62), (42, 63), (41, 63), (40, 63)
(20, 9), (20, 10), (21, 10), (21, 11), (22, 12), (23, 11), (24, 11), (25, 11)
(20, 9), (21, 8), (21, 7)
(28, 21), (27, 20), (26, 21), (25, 21), (24, 21)
(28, 21), (29, 21)
(28, 21), (29, 20), (30, 20), (30, 19)
(20, 1), (19, 0), (18, 0)
(20, 1), (20, 2), (20, 3), (21, 3), (22, 4), (22, 5), (22, 6), (22, 7)
(20, 1), (19, 0), (18, 1), (17, 0)
(48, 41), (47, 41), (46, 41), (45, 40)
(48, 41), (47, 41), (46, 41)
(48, 41), (47, 41), (46, 42), (46, 43), (47, 43), (48, 44), (48, 45), (49, 45), (49, 46), (49, 47)
(62, 12), (62, 13), (62, 14), (61, 14), (60, 15), (59, 15), (58, 16), (58, 17), (57, 17), (57, 18), (57, 19), (57, 20), (58, 21), (58, 22), (59, 22)
(62, 12), (62, 13), (62, 14), (61, 14), (60, 15), (59, 15), (58, 16), (57, 16)
(0, 2), (0, 3), (1, 3), (1, 4), (1, 5), (1, 6), (0, 7)
(0, 2), (1, 2)
(0, 2), (0, 3)
(8, 22), (9, 22), (10, 22), (11, 21), (11, 20), (11, 19), (12, 19), (13, 18), (14, 18), (15, 17), (15, 16)
(8, 22), (9, 22), (10, 22), (11, 22), (12, 23)
(9, 53), (8, 54), (7, 54), (7, 55), (7, 56), (7, 57)
(9, 53), (8, 54), (7, 54), (6, 54), (5, 53), (4, 54)
(58, 14), (57, 13), (56, 13), (55, 13)
(58, 14), (57, 13), (56, 14), (55, 14), (54, 15), (53, 14), (52, 14), (51, 14), (50, 15), (49, 15), (48, 16), (47, 15), (46, 15), (45, 14)
(53, 48), (52, 48), (51, 47), (51, 46)
(53, 48), (53, 49), (52, 50), (51, 50)
(35, 22), (36, 23)
(35, 22), (36, 22), (37, 21), (37, 20), (38, 20), (39, 19), (40, 20), (40, 21)
(35, 22), (34, 23), (34, 24)
(14, 17), (15, 16)
(14, 17), (14, 18), (13, 18), (13, 19), (13, 20), (13, 21), (13, 22), (12, 23)
(25, 59), (26, 59), (27, 59), (28, 60), (29, 60), (30, 60), (31, 60), (32, 61), (33, 61)
(25, 59), (26, 59), (27, 59), (28, 60), (29, 60)
(25, 59), (26, 59), (27, 59), (28, 60)
(54, 19), (54, 18), (55, 17), (56, 17), (57, 16)
(54, 19), (54, 18), (55, 17)
(35, 30), (36, 31), (37, 31), (38, 31)
(35, 30), (36, 31), (37, 31), (38, 31), (39, 31), (40, 31), (41, 30), (41, 29), (42, 29), (42, 28), (43, 27), (44, 27)
(57, 63), (57, 62), (57, 61), (57, 60), (56, 60)
(57, 63), (57, 62), (57, 61), (57, 60), (56, 60), (56, 59), (56, 58), (56, 57), (57, 56)
(57, 63), (58, 63), (59, 62), (60, 62)
(29, 58), (30, 59), (31, 59), (32, 60)
(29, 58), (29, 59), (29, 60)
(29, 58), (29, 59), (28, 60)
(41, 48), (42, 48), (43, 48), (44, 49)
(41, 48), (41, 49), (42, 50), (43, 49), (44, 50), (45, 50), (46, 51), (47, 51), (48, 51), (49, 50), (50, 50), (51, 50)
(56, 13), (55, 13)
(56, 13), (56, 14), (56, 15), (56, 16), (57, 16)
(56, 13), (55, 13), (54, 14), (53, 14), (52, 14), (51, 14), (50, 15), (49, 15), (48, 16)
(20, 61), (21, 61), (21, 62), (22, 63), (23, 62), (24, 63)
(20, 61), (19, 61), (18, 61), (17, 61), (16, 61)
(46, 41), (45, 40)
(46, 41), (46, 42), (46, 43), (47, 43), (48, 44), (48, 45), (49, 45), (49, 46), (49, 47)
(49, 22), (50, 23), (51, 23), (52, 24), (53, 24)
(49, 22), (49, 21), (48, 21), (48, 20), (47, 19), (47, 18), (47, 17), (48, 17), (48, 16), (47, 15), (46, 15), (45, 14)
(26, 27), (27, 27), (27, 28), (27, 29), (28, 30), (28, 31), (29, 31)
(26, 27), (25, 26), (25, 25), (24, 25), (23, 24), (23, 23), (22, 23), (21, 23), (20, 23)
(30, 19), (29, 18), (28, 19), (27, 19), (27, 20), (26, 21), (25, 21), (24, 21)
(30, 19), (29, 19), (29, 20), (29, 21)
(30, 19), (31, 19), (32, 20)
(0, 8), (0, 9), (0, 10), (0, 11)
(0, 8), (0, 7), (1, 6), (1, 5), (1, 4), (1, 3), (0, 3)
(11, 15), (10, 16), (10, 17)
(11, 15), (12, 16), (13, 15), (14, 16), (15, 16)
(11, 15), (11, 16), (11, 17)
(58, 5), (58, 6), (58, 7), (58, 8), (58, 9)
(58, 5), (58, 6), (58, 7)
(58, 5), (58, 6), (58, 7), (58, 8), (58, 9), (58, 10), (57, 10), (57, 11), (56, 12), (56, 13), (56, 14), (56, 15), (56, 16), (56, 17), (57, 17), (57, 18), (57, 19), (57, 20), (58, 21), (58, 22), (59, 22)
(1, 6), (0, 7)
(1, 6), (0, 7), (0, 8)
(1, 6), (2, 6), (2, 5), (1, 4), (1, 3), (0, 3)
(9, 5), (10, 5), (11, 4), (12, 4), (13, 3), (14, 3), (14, 2), (14, 1)
(9, 5), (10, 6), (10, 7), (11, 7), (12, 8), (13, 8), (14, 8), (15, 7), (16, 8), (16, 9), (17, 9), (18, 9)
(9, 5), (8, 5), (7, 4)
(32, 46), (31, 45), (30, 45), (29, 44), (28, 44), (28, 43)
(32, 46), (31, 45)
(32, 46), (32, 47), (32, 48), (32, 49), (31, 49), (31, 50), (31, 51), (31, 52)
(0, 53), (1, 53), (2, 53), (2, 52)
(0, 53), (1, 53), (2, 53), (3, 53), (3, 54), (3, 55), (4, 56), (5, 56)
(0, 7), (1, 6)
(0, 7), (0, 8)
(0, 7), (1, 6), (1, 5), (1, 4), (1, 3), (0, 3)
(61, 52), (60, 52), (59, 52), (58, 52), (57, 51)
(1, 24), (2, 25), (2, 26)
(1, 24), (2, 24), (2, 23), (3, 22), (3, 21), (4, 21), (5, 20), (6, 21), (7, 21), (8, 22), (9, 22), (10, 22), (11, 21), (12, 21), (12, 20), (12, 19), (13, 18), (14, 18), (15, 17), (15, 16)
(59, 33), (58, 34), (57, 33)
(59, 33), (58, 34), (57, 34), (56, 35), (55, 34)
(53, 62), (54, 62), (54, 61), (55, 60), (56, 60), (56, 59), (56, 58), (56, 57), (57, 56)
(53, 62), (54, 63), (55, 62)
(20, 13), (21, 12), (21, 11), (21, 10), (20, 10), (20, 9)
(20, 13), (20, 14), (19, 14), (18, 14), (17, 13), (16, 14), (15, 14), (15, 15), (15, 16)
(16, 61), (17, 61), (18, 61), (19, 61), (20, 61)
(16, 61), (17, 61), (18, 61), (19, 61), (20, 62), (21, 62), (22, 63), (23, 62), (24, 63)
(41, 11), (40, 12), (40, 13), (40, 14)
(41, 11), (42, 12), (43, 12), (43, 13), (44, 14), (44, 15), (43, 15)
(43, 15), (42, 16), (41, 15), (41, 14), (40, 14)
(43, 15), (44, 15), (44, 14), (43, 13), (43, 12), (42, 12), (41, 11)
(37, 2), (37, 3), (37, 4), (36, 5), (36, 6), (35, 6), (34, 7), (33, 7), (32, 8), (32, 9), (31, 9), (30, 10), (29, 10), (29, 11), (28, 12), (27, 11)
(37, 2), (36, 3)
(43, 23), (42, 24), (42, 25), (41, 25), (40, 25)
(43, 23), (44, 24)
(43, 23), (43, 24), (43, 25), (43, 26), (42, 27), (42, 28)
(10, 31), (10, 32)
(10, 31), (10, 30), (10, 29), (11, 28), (12, 29), (13, 28), (14, 29)
(53, 45), (52, 46), (51, 46), (50, 46), (49, 46), (48, 47)
(53, 45), (52, 46), (51, 46), (51, 47), (51, 48), (51, 49), (51, 50)
(56, 56), (57, 56)
(56, 56), (56, 55), (57, 54), (58, 54), (58, 53), (58, 52), (57, 51)
(32, 8), (32, 9), (31, 9), (30, 10), (29, 10), (28, 11), (27, 11)
(32, 8), (32, 7), (31, 6), (30, 6), (29, 5), (28, 6)
(61, 48), (61, 49), (61, 50), (62, 51), (62, 52), (62, 53)
(61, 48), (60, 49), (59, 48)
(32, 18), (32, 17), (32, 16), (31, 15), (30, 15), (29, 14), (29, 13), (29, 12), (28, 12), (27, 11), (26, 11), (25, 11)
(32, 18), (32, 19), (32, 20)
(5, 6), (4, 6), (3, 5), (2, 5), (1, 4), (1, 3), (1, 2)
(5, 6), (4, 6), (3, 5), (2, 5), (1, 4), (1, 3), (0, 3)
(5, 6), (5, 5), (5, 4)
(10, 53), (9, 53), (8, 54), (7, 54), (7, 55), (7, 56), (7, 57)
(10, 53), (9, 53), (8, 54), (7, 54), (6, 54), (5, 53), (4, 54)
(10, 53), (9, 53)
(35, 36), (35, 35), (36, 35), (36, 34)
(35, 36), (34, 37), (34, 38), (34, 39), (33, 39), (32, 39), (31, 39), (30, 39)
(46, 2), (45, 1)
(46, 2), (45, 2), (44, 3), (44, 4)
(46, 2), (47, 2), (48, 3), (49, 3)
(7, 4), (7, 5), (7, 6), (6, 7), (5, 7), (4, 8), (4, 9), (3, 9), (3, 10), (4, 11), (4, 12), (4, 13), (4, 14)
(7, 4), (6, 5), (5, 5), (4, 6), (3, 5), (2, 5), (1, 4), (1, 3), (0, 3)
(29, 39), (28, 40), (28, 41), (27, 41)
(29, 39), (30, 39)
(35, 33), (36, 34), (36, 35), (35, 35), (35, 36), (34, 37), (34, 38), (34, 39), (33, 39), (32, 39), (31, 39), (30, 39)
(25, 24), (24, 24), (23, 23), (23, 22), (24, 22), (24, 21)
(25, 24), (24, 24), (23, 23), (22, 23), (21, 23), (20, 23)
(13, 6), (14, 7), (15, 7), (16, 8), (16, 9), (17, 9), (18, 9)
(13, 6), (14, 7), (15, 7), (16, 8), (16, 9), (16, 10), (16, 11), (17, 11)
(13, 6), (12, 6), (11, 5), (10, 5), (9, 4), (8, 5), (7, 4), (6, 5), (5, 4)
(54, 24), (53, 23), (52, 23), (51, 22), (50, 22)
(54, 24), (53, 24)
(54, 24), (54, 23)
(20, 33), (19, 33), (18, 33), (17, 32), (16, 33), (16, 34), (15, 34), (15, 35), (14, 36), (13, 36), (12, 37), (12, 38), (12, 39), (13, 39)
(20, 33), (19, 33), (18, 34), (17, 34)
(48, 10), (47, 9), (46, 9), (45, 9), (45, 10), (44, 11), (43, 11), (42, 12), (41, 11), (40, 12), (39, 12), (38, 12), (37, 11), (36, 11), (35, 10), (34, 11), (33, 11)
(31, 17), (31, 16), (31, 15), (30, 15), (29, 14), (29, 13), (29, 12), (28, 12), (27, 11), (26, 11), (25, 11)
(31, 17), (31, 18), (31, 19), (32, 20)
(31, 17), (31, 18), (30, 19)
(0, 31), (0, 32), (0, 33), (0, 34), (0, 35), (0, 36), (1, 36), (2, 37), (2, 38), (2, 39), (1, 39), (1, 40), (2, 41), (3, 40), (4, 41)
(0, 31), (0, 32), (0, 33), (1, 33), (2, 33), (3, 33), (4, 34), (5, 33), (6, 33), (7, 32), (8, 32), (9, 31), (10, 31), (11, 30), (12, 30), (12, 29), (13, 28), (14, 29)
(43, 56), (44, 57), (45, 57), (45, 58)
(43, 56), (44, 57), (45, 57), (46, 57), (46, 56)
(52, 2), (52, 3), (52, 4), (53, 4), (54, 5), (54, 6)
(52, 2), (52, 3), (51, 3), (50, 3), (49, 3)
(40, 21), (40, 20), (39, 19), (38, 20)
(40, 21), (40, 20)
(40, 21), (40, 20), (39, 19), (38, 20), (37, 20), (37, 21), (36, 22), (35, 22)
(34, 15), (34, 14), (35, 13)
(34, 15), (33, 14)
(34, 38), (34, 39), (33, 39), (32, 39), (31, 39), (30, 40), (29, 39), (28, 40), (28, 41), (27, 41)
(34, 38), (34, 39), (33, 39), (32, 39), (31, 38), (30, 39)
(8, 54), (7, 54), (7, 55), (7, 56), (7, 57)
(8, 54), (9, 53)
(8, 54), (7, 54), (6, 54), (5, 53), (4, 54)
(6, 48), (5, 47), (4, 47), (4, 46), (4, 45), (4, 44), (4, 43), (4, 42), (4, 41)
(6, 48), (5, 47), (5, 46), (5, 45), (5, 44)
(6, 48), (5, 47), (4, 47)
(20, 59), (20, 60), (19, 60), (18, 61), (17, 61), (16, 61)
(20, 59), (20, 60), (20, 61)
(20, 59), (20, 58), (19, 57)
(1, 27), (1, 26), (2, 26)
(1, 27), (1, 26), (2, 26), (2, 25), (2, 24), (2, 23), (2, 22), (3, 21), (4, 21), (5, 20), (6, 21), (7, 21), (8, 22), (9, 22), (10, 22), (11, 21), (11, 20), (12, 20), (12, 19), (13, 18), (14, 18), (15, 17), (15, 16)
(25, 40), (25, 39), (25, 38), (24, 38), (23, 37), (22, 37)
(25, 40), (26, 41), (27, 41)
(60, 55), (59, 55), (58, 56), (57, 56)
(60, 55), (59, 54), (58, 54), (58, 53), (58, 52), (57, 51)
(25, 62), (25, 61), (26, 61), (27, 60), (28, 60)
(25, 62), (24, 63), (23, 62), (22, 63), (21, 62), (20, 62), (19, 61), (18, 61), (17, 61), (16, 61)
(25, 62), (24, 63)
(8, 18), (9, 17), (10, 17)
(8, 18), (9, 17), (10, 17), (11, 17), (11, 18), (12, 19), (13, 18), (14, 18), (15, 17), (15, 16)
(8, 18), (9, 17), (10, 17), (11, 17)
(14, 45), (13, 44), (12, 45), (11, 44), (11, 43), (11, 42), (12, 42), (12, 41), (12, 40), (13, 39)
(14, 45), (13, 44), (12, 45), (12, 46), (13, 46), (14, 47), (15, 47)
(14, 45), (13, 44), (12, 45), (12, 46), (13, 46), (14, 47), (15, 46)
(59, 1), (58, 2), (58, 3), (57, 3), (57, 4), (56, 5), (55, 4), (54, 5), (53, 4), (52, 4), (52, 3), (52, 2), (51, 1)
(4, 26), (3, 26), (2, 26)
(4, 26), (5, 25), (6, 25), (7, 24), (8, 24), (9, 23), (10, 23), (10, 22), (11, 21), (12, 21), (13, 20), (13, 19), (13, 18), (14, 18), (15, 17), (15, 16)
(4, 26), (3, 26), (2, 27), (1, 27)
(60, 60), (59, 59), (58, 60), (57, 60), (56, 60)
(60, 60), (59, 59), (58, 59), (57, 58), (57, 57), (57, 56)
(60, 60), (59, 59), (58, 59), (57, 58), (56, 58)
(23, 2), (23, 3), (23, 4), (23, 5), (24, 6)
(23, 2), (22, 3), (22, 4), (22, 5), (22, 6), (22, 7)
(23, 2), (24, 2)
(10, 26), (10, 27), (9, 27), (8, 27), (7, 27)
(10, 26), (11, 26), (11, 27), (12, 28), (13, 28), (14, 29)
(56, 2), (56, 3), (55, 3), (55, 4), (54, 5), (53, 4)
(56, 2), (57, 2), (58, 2), (59, 1)
(46, 40), (46, 41), (46, 42), (46, 43), (47, 43), (48, 44), (48, 45), (49, 45), (49, 46), (49, 47)
(46, 40), (45, 40)
(46, 40), (46, 41)
(17, 62), (17, 61), (18, 61), (19, 61), (20, 61)
(17, 62), (17, 61), (18, 61), (19, 61), (20, 62), (21, 62), (22, 63), (23, 62), (24, 63)
(17, 62), (17, 61), (16, 61)
(53, 4), (52, 4), (52, 3), (52, 2)
(53, 4), (52, 4), (51, 3), (50, 3), (49, 3)
(53, 4), (54, 5), (54, 6)
(31, 44), (30, 44), (29, 44), (28, 44), (28, 43)
(31, 44), (31, 45)
(31, 44), (30, 45), (30, 46), (30, 47), (30, 48), (30, 49), (30, 50), (30, 51), (30, 52), (31, 52)
(29, 10), (29, 11), (28, 12), (27, 11)
(29, 10), (29, 11), (30, 12)
(29, 10), (30, 10), (31, 9), (32, 9), (32, 8)
(55, 39), (54, 39), (53, 39), (52, 39), (51, 38), (50, 39), (49, 38), (48, 39), (47, 39), (46, 40), (46, 41)
(55, 39), (54, 39), (54, 38), (55, 37), (55, 36), (55, 35), (55, 34)
(36, 34), (36, 35), (35, 35), (35, 36), (34, 37), (34, 38), (34, 39), (33, 39), (32, 39), (31, 39), (30, 39)
(29, 31), (28, 32), (27, 32), (26, 33), (26, 34)
(29, 31), (29, 32), (30, 33), (31, 33), (32, 34)
(9, 15), (10, 16), (10, 17)
(9, 15), (10, 16), (10, 17), (11, 17)
(9, 15), (10, 15), (11, 15), (12, 16), (13, 15), (14, 16), (15, 16)
(51, 21), (50, 22)
(51, 21), (52, 22), (53, 22), (54, 23)
(51, 21), (52, 21), (53, 20), (54, 20), (54, 19)
(27, 56), (27, 57), (27, 58), (27, 59), (28, 60), (29, 60), (30, 60), (31, 60), (32, 61), (33, 61)
(27, 56), (27, 57), (27, 58), (27, 59), (28, 60), (29, 60)
(27, 56), (27, 57), (27, 58), (27, 59), (28, 60)
(21, 28), (21, 29), (21, 30), (22, 31), (23, 31), (23, 32), (23, 33), (23, 34), (24, 35)
(21, 28), (20, 28), (19, 27), (18, 28), (17, 28), (16, 29), (15, 29), (14, 29)
(62, 53), (61, 53), (60, 53), (59, 53), (58, 53), (58, 52), (57, 51)
(62, 53), (61, 52)
(7, 7), (6, 8), (5, 8), (4, 9), (3, 9), (3, 10), (4, 11), (4, 12), (4, 13), (4, 14)
(7, 7), (6, 7), (6, 6), (5, 5), (4, 5), (3, 5), (2, 5), (1, 4), (1, 3), (0, 3)
(7, 7), (7, 6), (7, 5), (7, 4)
(8, 2), (9, 1), (10, 1), (11, 0), (12, 1), (13, 0), (14, 1)
(8, 2), (7, 1)
(8, 2), (7, 2), (6, 3), (5, 3), (5, 4)
(31, 58), (30, 59), (29, 59), (28, 60)
(31, 58), (31, 59), (31, 60), (32, 61), (33, 61)
(31, 58), (30, 59), (29, 59), (29, 60)
(18, 12), (17, 11)
(18, 12), (17, 11), (16, 11), (15, 10), (14, 11), (13, 10), (12, 10), (11, 9), (10, 9), (10, 8), (10, 7), (10, 6), (9, 5), (8, 5), (7, 4), (6, 5), (5, 4)
(5, 49), (5, 48), (5, 47), (5, 46), (5, 45), (4, 45), (4, 44), (4, 43), (4, 42), (4, 41)
(5, 49), (6, 50), (7, 49), (8, 50), (9, 50), (9, 51), (9, 52), (9, 53)
(13, 46), (13, 47), (13, 48), (14, 49), (14, 50), (14, 51)
(13, 46), (14, 47), (15, 47)
(13, 46), (14, 47), (15, 46)
(14, 51), (14, 50), (14, 49), (15, 48), (15, 47)
(14, 51), (13, 51), (12, 52), (12, 53), (11, 53), (10, 53), (9, 53)
(13, 50), (14, 51)
(13, 50), (14, 50), (14, 49), (15, 48), (15, 47)
(13, 50), (12, 51), (12, 52), (12, 53), (11, 53), (10, 54), (9, 53)
(31, 46), (30, 46), (30, 45), (29, 44), (28, 44), (28, 43)
(31, 46), (31, 45)
(31, 46), (30, 47), (30, 48)
(33, 61), (32, 62), (31, 62), (31, 63)
(33, 61), (32, 61), (31, 60), (30, 61), (29, 60), (28, 60)
(4, 54), (5, 54), (5, 55), (5, 56), (6, 57), (7, 57)
(4, 54), (5, 54), (5, 55), (5, 56)
(55, 59), (56, 60)
(55, 59), (55, 58), (56, 58), (57, 57), (57, 56)
(31, 43), (31, 44)
(31, 43), (31, 44), (31, 45)
(31, 43), (31, 42), (31, 41), (30, 41), (30, 40), (29, 39), (28, 40), (28, 41)
(33, 31), (32, 32), (32, 33), (31, 33), (30, 33), (29, 32), (29, 31)
(33, 31), (34, 31), (35, 30)
(14, 1), (14, 2), (15, 2), (16, 3), (17, 3), (17, 4), (16, 5), (16, 6), (15, 6), (15, 7), (16, 8), (16, 9), (17, 9), (18, 9)
(14, 1), (15, 0)
(14, 1), (14, 2), (14, 3), (13, 3), (13, 4)
(44, 20), (45, 19), (46, 19), (47, 18)
(44, 20), (45, 20)
(44, 20), (44, 19), (44, 18), (43, 17), (42, 17), (42, 16), (43, 15), (44, 15), (45, 14)
(4, 53), (4, 54)
(4, 53), (3, 52), (2, 52)
(4, 53), (5, 53), (5, 54), (5, 55), (5, 56)
(60, 23), (59, 22)
(60, 23), (61, 22), (61, 21), (60, 21)
(33, 11), (33, 12), (34, 13), (35, 13)
(33, 11), (33, 12), (34, 13), (34, 14), (34, 15)
(1, 21), (2, 21), (3, 20), (4, 21), (5, 21), (6, 22)
(1, 21), (2, 21), (2, 20), (2, 19), (1, 18), (0, 18)
(19, 58), (19, 57), (18, 57), (17, 57), (16, 57), (15, 56), (14, 56), (13, 55), (12, 55)
(19, 58), (20, 59), (20, 60), (20, 61)
(19, 58), (19, 57)
(62, 44), (61, 43)
(62, 44), (61, 43), (60, 43), (60, 42), (61, 41), (61, 40), (61, 39), (61, 38), (61, 37), (61, 36), (62, 36), (62, 35), (61, 34)
(62, 44), (61, 43), (60, 43), (59, 42), (58, 42), (57, 42)
(15, 18), (16, 18)
(15, 18), (14, 18), (13, 18), (13, 19), (13, 20), (12, 21), (12, 22), (12, 23)
(37, 34), (36, 34)
(37, 34), (36, 35), (36, 36), (35, 36), (35, 37), (34, 38), (34, 39), (33, 39), (32, 39), (31, 38), (30, 39)
(9, 46), (10, 46), (11, 45), (12, 46), (13, 46), (14, 47), (15, 46)
(9, 46), (10, 46), (11, 45), (12, 46), (13, 46), (14, 47), (15, 47)
(63, 33), (62, 34), (61, 34)
(63, 33), (62, 34), (62, 35), (62, 36), (61, 36), (60, 37), (59, 36), (58, 36), (57, 35), (56, 35), (55, 34)
(33, 16), (33, 15), (33, 14), (34, 14), (35, 13)
(33, 16), (32, 17), (32, 18), (32, 19), (32, 20)
(46, 38), (47, 38), (48, 39), (49, 38), (50, 38)
(46, 38), (45, 37), (44, 37), (43, 37), (42, 38)
(46, 38), (47, 38), (47, 39), (46, 40)
(5, 26), (4, 27), (3, 26), (2, 26)
(5, 26), (6, 26), (6, 25), (7, 24), (8, 24), (9, 23), (10, 23), (10, 22), (11, 21), (11, 20), (12, 20), (12, 19), (13, 18), (14, 18), (15, 17), (15, 16)
(5, 26), (4, 27), (3, 26), (2, 27), (1, 27)
(15, 46), (14, 47), (13, 47), (13, 48), (14, 49), (14, 50), (14, 51)
(15, 46), (15, 47)
(49, 57), (50, 57), (51, 56)
(49, 57), (50, 57), (51, 57), (52, 58), (52, 59), (52, 60), (52, 61), (51, 61), (50, 62)
(52, 60), (52, 59), (52, 58), (51, 57), (50, 57), (49, 57)
(52, 60), (52, 59), (52, 58), (51, 57), (51, 56)
(52, 60), (52, 61), (52, 62)
(5, 56), (6, 57), (7, 57)
(5, 56), (5, 55), (5, 54), (4, 54)
(54, 23), (53, 23), (53, 24)
(54, 23), (55, 23), (56, 23), (57, 22), (58, 23), (59, 23), (60, 23)
(55, 62), (55, 61), (55, 60)
(55, 62), (55, 61), (55, 60), (56, 60), (56, 59), (56, 58), (56, 57), (57, 56)
(4, 41), (3, 40), (2, 41), (1, 41), (0, 41), (0, 40), (0, 39), (0, 38), (1, 37)
(4, 41), (5, 41)
(32, 60), (32, 61), (33, 61)
(32, 60), (31, 60), (30, 60), (29, 60)
(32, 60), (31, 60), (30, 60), (29, 60), (28, 60)
(49, 47), (49, 48), (50, 49), (50, 50), (51, 50)
(49, 47), (48, 47)
(30, 12), (29, 11), (29, 10)
(30, 12), (29, 11), (28, 12), (27, 11)
(30, 12), (29, 12), (29, 13), (28, 14), (27, 14), (26, 14)
(41, 18), (40, 18), (40, 17), (41, 16), (42, 16)
(41, 18), (40, 19), (39, 19), (38, 20)
(41, 18), (40, 18), (40, 17), (41, 16), (42, 16), (43, 15), (44, 15), (45, 14)
(55, 60), (56, 60)
(55, 60), (56, 60), (56, 59), (56, 58), (56, 57), (57, 56)
(37, 30), (38, 31)
(37, 30), (38, 30), (39, 29), (40, 29), (41, 28), (41, 27), (42, 27), (43, 26), (44, 27)
(37, 30), (36, 31), (35, 30)
(21, 50), (22, 50), (23, 50)
(21, 50), (22, 50), (23, 49), (23, 48), (23, 47), (23, 46), (24, 46), (24, 45), (25, 44), (25, 43), (26, 43), (26, 42), (27, 41), (28, 41), (28, 40), (29, 39), (30, 39)
(45, 20), (45, 21), (45, 22), (46, 23), (46, 24)
(45, 20), (45, 19), (46, 19), (47, 18)
(45, 20), (44, 21), (43, 21)
(50, 44), (50, 45), (49, 45), (49, 46), (48, 47)
(50, 44), (50, 45), (50, 46), (50, 47), (49, 47)
(41, 43), (40, 43), (39, 42), (38, 42)
(41, 43), (42, 43), (43, 42), (44, 42), (45, 42), (46, 42), (46, 41)
(41, 43), (41, 44)
(48, 63), (47, 63), (46, 63), (45, 62), (44, 62), (43, 62), (42, 63), (41, 63), (40, 63)
(48, 63), (49, 62), (50, 62)
(30, 39), (29, 39), (28, 40), (28, 41), (27, 41)
(45, 60), (45, 59)
(45, 60), (45, 59), (45, 58)
(14, 57), (14, 56), (14, 55), (14, 54), (14, 53), (14, 52), (14, 51), (14, 50), (14, 49), (15, 48), (15, 47)
(14, 57), (15, 56), (16, 57), (17, 57), (18, 57), (19, 57)
(27, 24), (27, 25), (27, 26), (27, 27), (27, 28), (27, 29), (28, 30), (28, 31), (29, 31)
(27, 24), (26, 25), (25, 25), (24, 25), (23, 24), (23, 23), (22, 23), (21, 23), (20, 23)
(18, 9), (19, 9), (20, 10), (21, 10), (21, 11), (22, 12), (23, 11), (24, 11), (25, 11)
(18, 9), (19, 9), (20, 9), (21, 8), (21, 7)
(55, 57), (55, 58), (56, 59), (56, 60)
(55, 57), (56, 57), (57, 56)
(55, 57), (55, 58), (55, 59)
(59, 22), (60, 23)
(59, 22), (59, 21), (60, 21)
(2, 30), (2, 29), (3, 28), (3, 27), (3, 26), (2, 26)
(2, 30), (3, 29), (4, 29), (5, 29), (6, 30), (6, 31), (5, 31), (5, 32), (6, 33), (7, 32), (8, 32), (9, 31), (10, 31)
(2, 30), (3, 30)
(2, 30), (2, 29), (1, 28), (0, 28)
(2, 30), (2, 29), (1, 28), (1, 27)
(50, 38), (49, 38)
(50, 38), (49, 38), (48, 39), (47, 38), (46, 38), (45, 37), (44, 37), (43, 37), (42, 38)
(50, 38), (49, 38), (48, 39), (47, 39), (46, 40)
(34, 24), (34, 25), (34, 26), (35, 26)
(34, 24), (33, 23), (32, 23), (32, 22), (31, 21)
(34, 24), (35, 23), (36, 23)
(9, 37), (10, 38), (11, 38), (12, 39), (13, 39)
(9, 37), (10, 38), (11, 38), (12, 39), (13, 39), (14, 40), (14, 41), (15, 41), (16, 41), (17, 41), (18, 41), (19, 41), (20, 41), (21, 41), (22, 42), (22, 43), (22, 44), (21, 44), (20, 45), (20, 46)
(62, 39), (62, 40), (61, 40), (61, 41), (60, 42), (60, 43), (61, 43)
(62, 39), (62, 38), (62, 37), (62, 36), (62, 35), (61, 34)
(13, 63), (14, 63), (14, 62), (15, 61), (16, 61), (17, 61), (18, 61), (19, 61), (20, 61)
(13, 63), (12, 63), (12, 62), (12, 61), (11, 60)
(2, 52), (2, 53), (3, 53), (4, 54)
(2, 52), (2, 53), (3, 53), (3, 54), (3, 55), (4, 56), (5, 56)
(8, 48), (9, 47)
(8, 48), (9, 48), (10, 49), (10, 50), (11, 50), (11, 51), (10, 52), (9, 52), (9, 53)
(45, 58), (45, 57), (46, 57), (46, 56)
(45, 59), (45, 58)
(45, 59), (45, 58), (45, 57), (46, 57), (46, 56)
(27, 11), (26, 11), (25, 11)
(27, 11), (26, 12), (26, 13), (26, 14)
(27, 11), (28, 12), (29, 11), (30, 12)
(24, 2), (23, 2), (23, 3), (23, 4), (23, 5), (24, 6)
(24, 2), (23, 2), (23, 3), (23, 4), (22, 5), (22, 6), (22, 7)
(27, 41), (28, 41), (28, 40), (29, 39), (30, 39)
(8, 9), (8, 10)
(8, 9), (9, 9), (10, 10), (10, 11), (10, 12), (10, 13), (10, 14), (10, 15), (10, 16), (10, 17), (11, 17), (11, 18), (11, 19), (11, 20), (11, 21), (11, 22), (12, 23)
(1, 37), (0, 38), (0, 39), (0, 40), (0, 41), (1, 41), (2, 41), (3, 40), (4, 41)
(1, 37), (0, 38), (0, 39), (0, 40), (0, 41), (1, 41), (2, 41), (3, 40), (4, 41), (5, 41)
(59, 52), (58, 52), (58, 51), (57, 50)
(59, 52), (58, 52), (57, 51)
(60, 22), (60, 23)
(60, 22), (60, 21)
(60, 22), (59, 22)
(5, 44), (4, 44), (4, 43), (4, 42), (4, 41)
(5, 44), (5, 45), (5, 46), (5, 47), (6, 48)
(5, 44), (5, 45), (5, 46), (4, 47)
(13, 1), (14, 1), (15, 0), (16, 1), (17, 1), (18, 2), (19, 2), (20, 3), (21, 3), (22, 4), (22, 5), (23, 5), (24, 6), (25, 6), (26, 6), (27, 6), (28, 6)
(11, 51), (12, 52), (13, 51), (14, 51), (14, 50), (14, 49), (15, 48), (15, 47)
(11, 51), (10, 52), (9, 52), (9, 53)
(50, 12), (51, 11), (52, 11), (53, 11), (54, 12), (54, 13), (55, 13)
(50, 12), (49, 11), (48, 11)
(50, 12), (49, 12), (48, 12), (47, 12), (46, 13), (46, 14), (45, 14)
(38, 31), (39, 30), (40, 31), (41, 30), (41, 29), (42, 29), (42, 28), (43, 27), (44, 27)
(38, 31), (37, 31), (36, 31), (35, 30)
(15, 27), (16, 27), (17, 26), (17, 25), (17, 24), (16, 24), (16, 23), (16, 22), (17, 21)
(15, 27), (16, 28)
(15, 27), (14, 28), (14, 29)
(23, 57), (23, 56), (24, 56), (25, 55), (26, 55), (27, 54), (28, 54), (29, 53), (30, 53), (31, 52)
(23, 57), (24, 58), (25, 58), (25, 59), (25, 60), (25, 61), (25, 62), (24, 63)
(51, 46), (51, 47), (51, 48), (51, 49), (51, 50)
(51, 46), (50, 47), (49, 47), (48, 47)
(51, 56), (50, 57), (49, 57)
(51, 56), (51, 57), (52, 58), (52, 59), (52, 60), (52, 61), (51, 61), (50, 62)
(31, 2), (30, 2), (29, 2), (29, 3), (29, 4), (29, 5), (28, 6)
(31, 2), (30, 2), (29, 2), (29, 3), (29, 4), (30, 5)
(9, 26), (8, 27), (7, 27)
(9, 26), (10, 26)
(9, 26), (9, 27), (10, 28), (11, 27), (12, 28), (13, 28), (14, 29)
(12, 17), (11, 17), (10, 17)
(12, 17), (12, 16), (13, 15), (14, 16), (15, 16)
(12, 17), (11, 17)
(22, 7), (23, 7), (23, 8), (24, 9), (24, 10), (25, 10), (26, 11), (27, 11)
(22, 7), (21, 7)
(54, 45), (54, 44), (54, 43), (53, 42)
(54, 45), (53, 45), (52, 46), (51, 46), (50, 47), (49, 46), (48, 47)
(54, 45), (53, 45), (52, 46), (51, 46), (50, 47), (49, 47)
(50, 29), (50, 28), (50, 27), (51, 26), (52, 26), (53, 25), (53, 24)
(50, 29), (50, 28), (49, 27), (48, 27), (47, 27), (46, 27), (45, 26)
(59, 37), (59, 36), (58, 36), (57, 36)
(59, 37), (59, 36), (58, 36), (57, 35), (56, 35), (55, 34)
(16, 62), (17, 61), (18, 61), (19, 61), (20, 61)
(16, 62), (16, 61)
(16, 62), (17, 61), (18, 61), (19, 61), (20, 62), (21, 62), (22, 63), (23, 62), (24, 63)
(35, 40), (34, 40), (33, 39), (32, 39), (32, 38), (32, 37), (32, 36), (32, 35), (32, 34)
(35, 40), (35, 41)
(60, 7), (61, 7), (61, 8), (61, 9), (61, 10), (61, 11), (61, 12), (62, 13), (62, 14), (61, 14), (60, 15), (59, 15), (58, 16), (58, 17), (57, 17), (57, 18), (57, 19), (57, 20), (58, 21), (58, 22), (58, 23), (59, 23), (60, 23)
(60, 7), (59, 6), (58, 7)
(24, 6), (23, 6), (22, 7)
(24, 6), (23, 5), (23, 4), (23, 3), (23, 2), (24, 2)
(9, 47), (9, 46)
(9, 47), (9, 48), (9, 49), (10, 50), (11, 50), (11, 51), (10, 52), (9, 52), (9, 53)
(50, 22), (51, 22), (52, 23), (52, 24), (53, 24)
(50, 22), (51, 22), (52, 23), (53, 23), (54, 24)
(50, 22), (51, 22), (52, 23), (53, 23), (54, 23)
(39, 20), (40, 21)
(39, 20), (40, 20)
(39, 20), (38, 20)
(39, 20), (38, 20), (37, 20), (37, 21), (36, 22), (35, 22)
(63, 2), (62, 2), (61, 1), (60, 2), (60, 3), (59, 3), (58, 3), (57, 3), (56, 4), (55, 4), (54, 5), (53, 4)
(63, 2), (62, 2), (61, 1), (60, 2), (59, 1)
(5, 54), (4, 54)
(5, 54), (6, 55), (7, 55), (7, 56), (7, 57)
(5, 54), (5, 55), (5, 56)
(23, 39), (23, 40), (23, 41), (24, 42), (25, 41), (26, 41), (27, 41)
(23, 39), (23, 40), (23, 41), (24, 42), (25, 41), (26, 41), (27, 41), (28, 41), (28, 40), (29, 39), (30, 39)
(57, 16), (58, 16)
(57, 16), (57, 17), (57, 18), (57, 19), (57, 20), (58, 21), (58, 22), (59, 22)
(40, 35), (39, 35), (38, 35), (37, 34), (36, 34)
(40, 35), (40, 36), (40, 37), (41, 37), (42, 38)
(40, 35), (40, 36), (40, 37), (40, 38), (39, 38), (38, 38), (37, 38)
(39, 17), (40, 17), (41, 16), (41, 15), (41, 14), (40, 14)
(39, 17), (40, 18), (40, 19), (39, 19), (38, 20)
(39, 17), (40, 17), (41, 16), (42, 16), (43, 15), (44, 15), (45, 14)
(6, 22), (7, 22), (8, 23), (9, 22), (10, 22), (11, 21), (11, 20), (11, 19), (12, 19), (13, 18), (14, 18), (15, 17), (15, 16)
(35, 41), (35, 40)
(35, 41), (34, 41), (33, 40), (33, 39), (32, 39), (32, 38), (32, 37), (32, 36), (32, 35), (32, 34)
(41, 14), (40, 14)
(41, 14), (41, 13)
(41, 14), (42, 14), (43, 13), (44, 14), (45, 14)
(15, 45), (15, 46), (14, 47), (13, 47), (13, 48), (14, 49), (14, 50), (14, 51)
(15, 45), (15, 46), (15, 47)
(15, 45), (15, 46)
(15, 47), (15, 48), (14, 49), (14, 50), (14, 51)
(15, 47), (15, 46)
(16, 18), (15, 17), (15, 16)
(16, 18), (15, 17), (14, 18), (13, 18), (12, 19), (12, 20), (12, 21), (12, 22), (12, 23)
(15, 43), (14, 44), (13, 44), (12, 45), (11, 45), (10, 46), (9, 46)
(15, 43), (14, 44), (13, 44), (12, 45), (12, 46), (13, 46)
(15, 43), (14, 44), (13, 44), (12, 45), (12, 46), (13, 46), (14, 47), (15, 46)
(45, 11), (44, 12), (43, 12), (43, 13), (42, 14), (41, 14), (40, 14)
(45, 11), (45, 10), (45, 9), (46, 9), (47, 9), (48, 10)
(45, 11), (44, 11), (43, 11), (42, 12), (41, 11)
(0, 62), (0, 61), (1, 60), (2, 60), (3, 60), (4, 61), (5, 60), (6, 60), (7, 59)
(45, 1), (44, 2), (43, 2), (43, 3), (44, 4)
(45, 1), (44, 2), (43, 2), (42, 2), (41, 2), (40, 2), (40, 1), (39, 0), (38, 0), (37, 0), (36, 0)
(53, 23), (52, 23), (51, 22), (50, 22)
(53, 23), (53, 24)
(53, 23), (54, 23)
(53, 23), (54, 24)
(39, 24), (40, 25)
(39, 24), (38, 25), (38, 26), (38, 27), (37, 27), (37, 28), (37, 29), (38, 30), (38, 31)
(5, 20), (6, 21), (7, 21), (8, 22), (9, 22), (10, 22), (11, 21), (11, 20), (12, 20), (12, 19), (13, 18), (14, 18), (15, 17), (15, 16)
(5, 20), (5, 21), (6, 22)
(47, 57), (46, 57), (45, 57), (45, 58)
(47, 57), (46, 57), (46, 56)
(7, 1), (6, 2), (6, 3), (6, 4), (6, 5), (6, 6), (6, 7), (5, 7), (4, 8), (4, 9), (3, 9), (3, 10), (4, 11), (4, 12), (4, 13), (4, 14)
(7, 1), (6, 2), (6, 3), (5, 3), (5, 4)
(5, 14), (4, 14)
(5, 14), (4, 14), (4, 13), (4, 12), (4, 11), (3, 10), (3, 9), (4, 9), (5, 8), (6, 8), (6, 7), (6, 6), (5, 5), (5, 4)
(26, 28), (27, 28), (27, 29), (28, 30), (28, 31), (29, 31)
(26, 28), (27, 27), (27, 26), (27, 25), (26, 25), (25, 25), (24, 25), (23, 24), (23, 23), (22, 23), (21, 23), (20, 23)
(4, 14), (4, 13), (4, 12), (4, 11), (3, 10), (3, 9), (4, 9), (4, 8), (5, 7), (6, 7), (6, 6), (5, 5), (5, 4)
(4, 14), (5, 14)
(40, 20), (40, 21)
(40, 20), (39, 19), (38, 20)
(40, 20), (39, 19), (38, 20), (37, 20), (37, 21), (36, 22), (35, 22)
(45, 14), (46, 15), (47, 15), (48, 16), (48, 17), (47, 17), (47, 18)
(45, 14), (44, 14), (43, 13), (42, 14), (41, 14), (40, 14)
(14, 29), (13, 28), (12, 29), (12, 30), (11, 30), (10, 31)
(14, 29), (14, 28), (15, 27), (16, 28)
(43, 51), (44, 51), (44, 50), (44, 49), (44, 48)
(43, 51), (44, 51), (45, 50), (46, 51), (47, 51), (48, 51), (49, 50), (50, 50), (51, 50)
(17, 17), (17, 18), (18, 19), (18, 20), (19, 20), (19, 21), (19, 22), (20, 23)
(19, 21), (19, 20), (18, 20), (17, 19), (17, 18), (17, 17)
(19, 21), (19, 22), (20, 23)
(42, 36), (41, 36), (40, 36), (39, 35), (38, 35), (37, 34), (36, 34)
(42, 36), (41, 36), (41, 37), (42, 38)
(42, 36), (42, 37)
(28, 43), (29, 42), (29, 41), (30, 41), (30, 40), (30, 39)
(34, 61), (33, 61)
(34, 61), (33, 61), (32, 62), (31, 62), (31, 63)
(34, 61), (33, 61), (32, 61), (31, 60), (30, 60), (29, 60), (28, 60)
(53, 53), (53, 52), (54, 52), (55, 51), (56, 51), (57, 51)
(53, 53), (53, 52), (54, 52), (55, 51)
(23, 44), (23, 43), (23, 42)
(23, 44), (23, 45), (23, 46), (22, 47), (21, 47), (20, 47), (19, 47)
(23, 44), (24, 44), (25, 43), (26, 43), (26, 42), (27, 41)
(58, 41), (59, 41), (60, 42), (60, 43), (61, 43)
(58, 41), (59, 41), (60, 42), (61, 41), (61, 40), (61, 39), (61, 38), (61, 37), (61, 36), (62, 36), (62, 35), (61, 34)
(38, 7), (38, 8), (38, 9), (37, 9), (36, 10), (36, 11), (36, 12)
(38, 7), (38, 8), (38, 9), (39, 9), (40, 9)
(15, 60), (16, 61), (17, 61), (18, 61), (19, 61), (20, 61)
(15, 60), (14, 60), (13, 59), (12, 59), (12, 58), (11, 57), (11, 56), (10, 56), (9, 55), (9, 54), (9, 53)
(10, 17), (11, 17), (11, 18), (12, 19), (13, 18), (14, 18), (15, 17), (15, 16)
(10, 17), (11, 17)
(4, 63), (3, 63), (2, 63), (1, 62), (0, 62)
(4, 63), (5, 62), (5, 61), (6, 61), (7, 60), (7, 59)
(46, 61), (45, 61), (44, 62), (43, 62), (42, 63), (41, 62), (40, 63)
(46, 61), (47, 61), (48, 62), (49, 62), (50, 62)
(61, 34), (60, 34), (59, 34), (58, 34), (57, 34), (56, 35), (55, 34)
(53, 51), (52, 51), (51, 51)
(53, 51), (54, 51), (55, 51)
(53, 51), (54, 51), (55, 51), (56, 51), (57, 51)
(56, 53), (56, 54), (55, 54), (54, 54), (53, 53)
(56, 53), (56, 52), (57, 51)
(63, 56), (63, 55), (62, 55), (62, 54), (61, 53), (61, 52)
(63, 56), (63, 55), (62, 55), (62, 54), (61, 53), (60, 53), (59, 52), (58, 52), (57, 51)
(45, 26), (44, 27)
(45, 26), (44, 27), (43, 27), (42, 27), (41, 26), (40, 26), (40, 25)
(4, 47), (5, 47), (6, 48)
(4, 47), (4, 46), (4, 45), (4, 44), (4, 43), (4, 42), (4, 41)
(4, 47), (5, 46), (5, 45), (5, 44)
(48, 11), (48, 12), (48, 13), (48, 14), (49, 14), (50, 14), (51, 13), (52, 14), (53, 14), (54, 14), (55, 13)
(48, 11), (48, 12), (47, 12), (47, 13), (46, 14), (45, 14)
(27, 9), (27, 10), (27, 11)
(27, 9), (27, 8), (27, 7), (28, 7), (28, 6)
(27, 9), (27, 8), (27, 7), (28, 7)
(29, 60), (30, 61), (31, 60), (32, 61), (33, 61)
(29, 60), (28, 60)
(44, 5), (44, 6), (44, 7), (44, 8), (45, 8), (46, 9), (47, 9), (48, 10)
(44, 5), (44, 4)
(44, 5), (44, 6), (44, 7), (44, 8), (44, 9), (45, 9), (45, 10), (44, 11), (43, 11), (42, 12), (41, 11)
(46, 18), (47, 18)
(46, 18), (45, 18), (44, 18), (43, 17), (42, 17), (41, 16), (41, 15), (41, 14), (40, 14)
(46, 18), (47, 17), (48, 17), (48, 16)
(42, 9), (42, 10), (43, 10), (44, 11), (45, 11)
(42, 9), (42, 10), (42, 11), (41, 11), (40, 12), (39, 12), (39, 13), (40, 14)
(42, 9), (42, 10), (42, 11), (41, 11)
(54, 6), (54, 5), (53, 4), (52, 4), (52, 3), (52, 2)
(54, 6), (54, 5), (53, 4), (52, 4), (51, 3), (50, 3), (49, 3)
(34, 16), (33, 15), (33, 14), (34, 14), (35, 13)
(34, 16), (34, 15)
(34, 16), (33, 15), (33, 14)
(28, 7), (27, 7), (27, 8), (27, 9), (27, 10), (27, 11)
(28, 7), (28, 6)
(42, 37), (43, 37), (44, 37), (44, 36), (45, 35)
(42, 37), (42, 38)
(11, 17), (10, 17)
(11, 17), (11, 18), (12, 19), (13, 18), (14, 18), (15, 17), (15, 16)
(43, 41), (44, 42), (45, 41), (45, 40)
(43, 41), (44, 42), (45, 41), (46, 41)
(43, 41), (42, 42), (42, 43), (42, 44), (41, 44)
(48, 47), (49, 47)
(48, 47), (48, 48), (49, 48), (50, 49), (50, 50), (51, 50)
(20, 57), (19, 57)
(20, 57), (19, 57), (18, 57), (17, 57), (16, 57), (15, 56), (14, 56), (13, 55), (12, 55)
(20, 57), (20, 58), (20, 59), (20, 60), (20, 61)
(47, 44), (48, 45), (49, 45), (49, 46), (48, 47)
(47, 44), (48, 45), (49, 45), (49, 46), (49, 47)
(18, 17), (17, 17)
(18, 17), (18, 18), (17, 18), (16, 18), (15, 17), (15, 16)
(1, 2), (1, 3), (1, 4), (2, 5), (2, 6), (1, 6), (0, 7)
(1, 2), (0, 2)
(1, 2), (0, 3)
(36, 38), (35, 37), (34, 38)
(36, 38), (35, 38), (34, 39), (33, 39), (32, 39), (32, 38), (32, 37), (32, 36), (32, 35), (32, 34)
(36, 38), (37, 38)
(36, 28), (35, 27), (35, 26)
(36, 28), (37, 27), (38, 27), (39, 26), (40, 26), (40, 25)
(36, 28), (37, 27), (38, 27), (38, 26), (38, 25), (39, 24)
(25, 11), (26, 12), (26, 13), (26, 14)
(25, 11), (24, 11), (23, 11), (22, 12), (21, 11), (21, 10), (20, 10), (20, 9)
(18, 16), (17, 16), (17, 17)
(18, 16), (17, 15), (17, 14), (16, 14), (15, 14), (15, 15), (15, 16)
(18, 16), (18, 17)
(39, 16), (40, 17), (41, 16), (42, 16), (43, 15)
(39, 16), (39, 15), (39, 14), (40, 14)
(39, 16), (40, 17), (41, 16), (42, 16), (43, 15), (44, 15), (45, 14)
(31, 21), (31, 22)
(31, 21), (30, 21), (29, 21)
(31, 21), (31, 20), (31, 19), (30, 19)
(34, 32), (33, 32), (32, 33), (32, 34)
(34, 32), (33, 32), (32, 33), (32, 34), (32, 35), (32, 36), (32, 37), (31, 37), (31, 38), (30, 39)
(61, 37), (61, 36), (62, 36), (62, 35), (61, 34)
(61, 37), (60, 37), (59, 36), (58, 36), (57, 35), (56, 35), (55, 34)
(19, 19), (18, 19), (17, 18), (17, 17)
(19, 19), (19, 20), (19, 21), (19, 22), (20, 23)
(45, 53), (46, 53), (47, 52)
(45, 53), (46, 53), (46, 52), (47, 51), (48, 51), (49, 50), (50, 51), (51, 50)
(45, 53), (46, 53), (46, 52), (46, 51), (46, 50), (46, 49), (45, 48), (44, 48)
(5, 4), (4, 5), (3, 5), (2, 5), (1, 4), (1, 3), (1, 2)
(5, 4), (4, 5), (3, 5), (2, 6), (1, 6), (0, 7)
(5, 4), (4, 5), (3, 5), (2, 5), (1, 4), (1, 3), (0, 3)
(19, 29), (20, 30), (21, 30), (22, 31), (23, 31), (23, 32), (23, 33), (23, 34), (24, 35)
(19, 29), (18, 29), (17, 28), (16, 29), (15, 29), (14, 29)
(58, 16), (57, 16)
(58, 16), (58, 17), (57, 17), (57, 18), (57, 19), (57, 20), (58, 21), (58, 22), (59, 22)
(43, 63), (42, 63), (41, 62), (40, 63)
(43, 63), (43, 62), (43, 61), (43, 60), (43, 59), (44, 59), (45, 58), (45, 57), (46, 57), (46, 56)
(53, 42), (54, 43), (54, 44), (54, 45), (53, 45), (52, 46), (51, 46), (50, 47), (49, 47), (48, 47)
(53, 42), (54, 43), (54, 44), (54, 45), (53, 45), (52, 46), (51, 46), (50, 47), (49, 47)
(63, 62), (62, 62), (62, 61), (62, 60), (61, 59), (60, 59), (59, 59), (58, 59), (57, 58), (57, 57), (57, 56)
(63, 62), (62, 62), (62, 61), (62, 60), (63, 59), (63, 58), (62, 58), (61, 57), (60, 57), (60, 56), (59, 55), (58, 55), (58, 54), (58, 53), (58, 52), (57, 51)
(47, 36), (46, 36), (46, 35), (46, 34)
(47, 36), (46, 36), (45, 35)
(47, 36), (48, 36), (49, 35), (50, 35), (51, 35)
(35, 13), (34, 14), (33, 14)
(35, 13), (34, 14), (34, 15)
(53, 50), (52, 51), (51, 51)
(53, 50), (54, 51), (55, 51)
(53, 50), (54, 51), (55, 51), (56, 51), (57, 51)
(54, 36), (55, 35), (55, 34)
(54, 36), (55, 35), (56, 35)
(26, 42), (27, 41)
(26, 42), (27, 41), (28, 41), (28, 40), (29, 39), (30, 39)
(40, 19), (39, 19), (38, 20)
(40, 19), (40, 18), (40, 17), (41, 16), (42, 16)
(40, 19), (40, 20)
(40, 19), (40, 18), (40, 17), (41, 16), (42, 16), (43, 15), (44, 15), (45, 14)
(14, 60), (14, 61), (15, 61), (16, 61), (17, 61), (18, 61), (19, 61), (20, 61)
(14, 60), (13, 59), (12, 59), (12, 58), (11, 57), (10, 57), (10, 56), (9, 55), (9, 54), (9, 53)
(1, 15), (2, 15)
(1, 15), (2, 16), (2, 17), (3, 17), (4, 17), (5, 16), (6, 17), (7, 17), (8, 17), (9, 17), (10, 17), (11, 17)
(28, 6), (28, 7), (27, 7), (27, 8), (27, 9), (27, 10), (27, 11)
(28, 6), (28, 7)
(8, 63), (9, 63), (10, 63), (11, 62), (12, 62), (13, 61), (14, 61), (15, 61), (16, 61), (17, 61), (18, 61), (19, 61), (20, 61)
(8, 63), (9, 63), (10, 63), (11, 62), (12, 63), (13, 63)
(26, 29), (26, 30), (26, 31), (27, 31), (28, 32), (29, 31)
(26, 29), (27, 28), (27, 27), (27, 26), (27, 25), (26, 25), (25, 25), (24, 25), (23, 24), (23, 23), (22, 23), (21, 23), (20, 23)
(17, 11), (17, 10), (17, 9), (18, 9)
(17, 11), (16, 11), (15, 10), (14, 11), (13, 10), (12, 10), (11, 9), (10, 9), (10, 8), (10, 7), (10, 6), (9, 5), (8, 5), (7, 4), (6, 5), (5, 4)
(23, 42), (24, 42), (25, 41), (26, 41), (27, 41)
(23, 42), (24, 42), (25, 41), (26, 41), (27, 40), (28, 40), (29, 39), (30, 39)
(54, 60), (55, 60)
(54, 60), (55, 60), (56, 60)
(54, 60), (55, 59), (55, 58), (56, 58), (56, 57), (57, 56)
(14, 24), (13, 23), (12, 23)
(14, 24), (13, 23), (13, 22), (13, 21), (13, 20), (13, 19), (13, 18), (14, 18), (15, 17), (15, 16)
(24, 63), (23, 62), (22, 63), (21, 62), (21, 61), (20, 61)
(24, 63), (23, 62), (22, 63), (21, 62), (20, 62), (19, 61), (18, 61), (17, 61), (16, 61)
(16, 13), (15, 12), (15, 11), (15, 10), (16, 10), (17, 9), (18, 9)
(16, 13), (16, 14), (15, 14), (15, 15), (15, 16)
(38, 4), (39, 4), (39, 5), (40, 6), (41, 6), (42, 6), (43, 5), (44, 6), (44, 7), (44, 8), (45, 8), (46, 9), (47, 9), (48, 10)
(38, 4), (37, 4), (36, 5), (36, 6), (36, 7), (36, 8), (36, 9), (35, 9), (34, 10), (33, 10), (33, 11)
(38, 20), (39, 19), (40, 20), (40, 21)
(38, 20), (39, 19), (40, 20)
(38, 20), (37, 20), (37, 21), (36, 22), (35, 22)
(53, 27), (54, 28), (54, 29)
(53, 27), (53, 26), (53, 25), (53, 24)
(53, 27), (52, 28), (51, 27), (50, 27), (49, 27), (48, 28), (47, 27), (46, 27), (45, 26)
(56, 46), (55, 45), (54, 45), (53, 45), (52, 46), (51, 45), (50, 45), (49, 45), (48, 45), (48, 44), (47, 43), (46, 43), (46, 42), (46, 41)
(56, 46), (55, 45), (54, 45), (53, 45), (52, 46), (51, 46), (50, 47), (49, 47)
(2, 15), (1, 15)
(2, 15), (2, 16), (2, 17), (3, 17), (4, 17), (5, 16), (6, 17), (7, 17), (8, 17), (9, 17), (10, 17), (11, 17)
(36, 31), (37, 31), (38, 31)
(36, 31), (37, 31), (38, 31), (39, 30), (40, 31), (41, 30), (41, 29), (42, 29), (42, 28), (43, 27), (44, 27)
(36, 31), (35, 30)
(49, 3), (50, 3), (51, 3), (52, 4), (53, 4), (54, 5), (54, 6)
(49, 3), (50, 3), (51, 3), (52, 3), (52, 2)
(10, 39), (11, 39), (12, 39), (13, 39)
(10, 39), (11, 39), (12, 40), (13, 40), (14, 41), (15, 41), (16, 41), (17, 41), (18, 41), (19, 41), (20, 41), (21, 41), (22, 42), (22, 43), (22, 44), (21, 44), (20, 45), (20, 46)
(3, 30), (3, 29), (3, 28), (3, 27), (3, 26), (2, 26)
(3, 30), (4, 31), (5, 31), (5, 32), (6, 33), (7, 32), (8, 32), (9, 31), (10, 31)
(3, 30), (2, 30)
(3, 30), (2, 30), (2, 29), (1, 28), (0, 28)
(3, 30), (2, 30), (2, 29), (1, 28), (1, 27)
(51, 51), (51, 50), (50, 50), (50, 49), (49, 48), (49, 47)
(51, 51), (51, 50)
(51, 51), (52, 51), (53, 51), (54, 51), (55, 51)
(11, 52), (10, 53)
(11, 52), (12, 52), (13, 51), (14, 51), (14, 50), (14, 49), (15, 48), (15, 47)
(58, 32), (57, 31), (56, 32), (55, 32), (55, 33), (55, 34)
(58, 32), (59, 31), (60, 32), (61, 32), (62, 33), (62, 34), (61, 34)
(44, 49), (45, 49), (46, 50), (47, 50), (48, 51), (49, 51), (50, 51), (51, 50)
(44, 49), (44, 48)
(29, 22), (30, 22), (31, 22)
(29, 22), (30, 22), (31, 21)
(29, 22), (29, 21), (29, 20), (29, 19), (30, 19)
(29, 55), (29, 56), (30, 57), (31, 57), (31, 58), (31, 59), (31, 60), (32, 61), (33, 61)
(29, 55), (29, 56), (29, 57), (28, 58), (27, 58), (27, 59), (28, 60)
(18, 38), (17, 38), (16, 39), (15, 38), (14, 39), (13, 39)
(18, 38), (17, 38), (17, 39), (17, 40), (18, 41), (19, 41), (20, 41), (21, 41), (22, 41), (23, 41), (24, 42), (25, 41), (26, 41), (27, 40), (28, 40), (29, 39), (30, 39)
(62, 13), (62, 14), (61, 14), (60, 15), (59, 15), (58, 16), (57, 16)
(62, 13), (62, 14), (61, 14), (60, 15), (59, 15), (58, 16), (58, 17), (57, 17), (57, 18), (57, 19), (57, 20), (58, 21), (59, 21), (60, 22), (60, 23)
(0, 3), (0, 2)
(0, 3), (1, 2)
(0, 3), (0, 4), (0, 5), (0, 6), (0, 7)
(10, 19), (11, 18), (11, 17), (10, 17)
(10, 19), (11, 18), (12, 19), (13, 18), (14, 18), (15, 17), (15, 16)
(22, 37), (23, 37), (24, 38), (25, 38), (25, 39)
(22, 37), (23, 37), (24, 38), (25, 38), (26, 39), (26, 40), (26, 41), (27, 41), (28, 41)
(9, 21), (9, 20), (10, 20), (11, 19), (12, 19), (13, 18), (14, 18), (15, 17), (15, 16)
(27, 30), (28, 31), (29, 31)
(27, 30), (27, 31), (27, 32), (27, 33), (27, 34), (28, 35), (29, 35), (30, 36), (30, 37), (30, 38), (30, 39)
(14, 44), (13, 44), (12, 45), (11, 45), (10, 46), (9, 46)
(14, 44), (13, 44), (12, 45), (12, 46), (13, 46)
(14, 44), (13, 44), (12, 45), (12, 46), (13, 46), (14, 47), (15, 46)
(21, 7), (22, 7)
(21, 7), (22, 8), (23, 8), (24, 9), (24, 10), (25, 10), (26, 11), (27, 11)
(25, 49), (24, 49), (23, 49), (23, 50)
(25, 49), (24, 49), (23, 48), (23, 47), (23, 46), (24, 46), (24, 45), (25, 44), (25, 43), (26, 43), (26, 42), (27, 41), (28, 41), (28, 40), (29, 39), (30, 39)
(56, 34), (57, 33)
(56, 34), (55, 34)
(15, 12), (15, 11), (15, 10), (16, 10), (17, 9), (18, 9)
(15, 12), (15, 11), (14, 11), (13, 10), (12, 11), (11, 11), (10, 12), (10, 13), (10, 14), (10, 15), (10, 16), (10, 17), (11, 17)
(20, 46), (20, 45), (21, 44), (22, 44), (22, 43), (22, 42), (21, 41), (20, 41), (19, 41), (18, 41), (17, 41), (16, 41), (15, 41), (14, 41), (13, 40), (13, 39)
(35, 5), (34, 6), (33, 6), (32, 6), (31, 6), (30, 6), (29, 5), (28, 6)
(35, 5), (34, 6), (33, 6), (33, 7), (32, 8)
(32, 20), (32, 21), (32, 22), (31, 22)
(32, 20), (31, 20), (30, 21), (29, 21)
(32, 20), (31, 19), (30, 19)
(35, 18), (36, 18), (37, 18), (38, 19), (39, 19), (40, 20), (40, 21)
(35, 18), (36, 18), (37, 18), (38, 19), (39, 19), (40, 20)
(35, 18), (35, 19), (35, 20), (35, 21), (35, 22)
(61, 43), (60, 43), (59, 42), (58, 42), (57, 42)
(61, 43), (60, 43), (60, 42), (61, 41), (61, 40), (61, 39), (61, 38), (61, 37), (61, 36), (62, 36), (62, 35), (61, 34)
(38, 63), (38, 62), (37, 61), (37, 60), (36, 60), (36, 59), (35, 58), (35, 57), (34, 57)
(38, 63), (39, 62), (40, 63)
